-1.0,25606.0,19507.533333333333,9899.903237686496
-1.0,25739.0,16765.483333333334,11919.279787374831
-1.0,25739.0,17429.1,11871.121213123331
-1.0,25739.0,19638.183333333334,10834.578043609059
-1.0,25739.0,23918.833333333332,6393.018478952042
-1.0,25739.0,21364.85,9555.239019904217
-1.0,25740.0,17121.466666666667,12107.530541590862
-1.0,25740.0,21435.85,9586.931281393787
-1.0,25740.0,24021.066666666666,6420.189695709066
25739.0,25740.0,25739.716666666667,0.4506168006013445
25740.0,25740.0,25740.0,0.0
25740.0,25740.0,25740.0,0.0
25739.0,25740.0,25739.983333333334,0.12801911235218516
25740.0,25740.0,25740.0,0.0
25740.0,25740.0,25740.0,0.0
25739.0,25740.0,25739.983333333334,0.12801911235218516
25740.0,25741.0,25740.016666666666,0.12801911235218516
25740.0,25741.0,25740.083333333332,0.27638551900610125
25740.0,25741.0,25740.366666666665,0.4818945098766866
25740.0,25741.0,25740.866666666665,0.33993476438184334
25741.0,25741.0,25741.0,0.0
25741.0,25741.0,25741.0,0.0
25741.0,25741.0,25741.0,0.0
25741.0,25741.0,25741.0,0.0
25741.0,25741.0,25741.0,0.0
25741.0,25742.0,25741.016666666666,0.12801911235218516
25741.0,25742.0,25741.083333333332,0.27638551900610125
25741.0,25742.0,25741.166666666668,0.3726779251672715
25741.0,25742.0,25741.55,0.4974937808544249
25741.0,25742.0,25741.933333333334,0.24944362719070842
25742.0,25742.0,25742.0,0.0
25742.0,25742.0,25742.0,0.0
25742.0,25742.0,25742.0,0.0
25742.0,25742.0,25742.0,0.0
25742.0,25742.0,25742.0,0.0
25742.0,25742.0,25742.0,0.0
25742.0,25742.0,25742.0,0.0
25742.0,25742.0,25742.0,0.0
25742.0,25742.0,25742.0,0.0
25741.0,25742.0,25741.983333333334,0.12801911235218516
25742.0,25742.0,25742.0,0.0
25742.0,25742.0,25742.0,0.0
25742.0,25742.0,25742.0,0.0
25742.0,25742.0,25742.0,0.0
25742.0,25742.0,25742.0,0.0
25742.0,25742.0,25742.0,0.0
25742.0,25742.0,25742.0,0.0
25742.0,25742.0,25742.0,0.0
25742.0,25742.0,25742.0,0.0
25742.0,25742.0,25742.0,0.0
25742.0,25742.0,25742.0,0.0
25742.0,25742.0,25742.0,0.0
25742.0,25742.0,25742.0,0.0
25742.0,25742.0,25742.0,0.0
25742.0,25742.0,25742.0,0.0
25742.0,25742.0,25742.0,0.0
25742.0,25742.0,25742.0,0.0
25742.0,25742.0,25742.0,0.0
25742.0,25742.0,25742.0,0.0
25742.0,25742.0,25742.0,0.0
25742.0,25742.0,25742.0,0.0
25742.0,25742.0,25742.0,0.0
25742.0,25742.0,25742.0,0.0
25742.0,25742.0,25742.0,0.0
25742.0,25742.0,25742.0,0.0
25742.0,25742.0,25742.0,0.0
25742.0,25742.0,25742.0,0.0
25742.0,25743.0,25742.016666666666,0.12801911235218516
25742.0,25743.0,25742.083333333332,0.27638551900610125
25742.0,25743.0,25742.266666666666,0.44221665249218517
25742.0,25743.0,25742.716666666667,0.45061693287478827
25742.0,25744.0,25743.0,0.316227803714123
25743.0,25744.0,25743.183333333334,0.3869394000411424
25743.0,25745.0,25743.483333333334,0.5320296456961173
25743.0,25745.0,25743.933333333334,0.3091205976630094
25744.0,25745.0,25744.066666666666,0.249443866140955
25743.0,25745.0,25744.233333333334,0.4606758280108571
25744.0,25745.0,25744.65,0.47696956071957813
25744.0,25745.0,25744.983333333334,0.12801911235218516
25744.0,25745.0,25744.983333333334,0.12801911235218516
25745.0,25745.0,25745.0,0.0
25745.0,25745.0,25745.0,0.0
25744.0,25745.0,25744.983333333334,0.12801911235218516
25745.0,25745.0,25745.0,0.0
25745.0,25745.0,25745.0,0.0
25745.0,25745.0,25745.0,0.0
25745.0,25745.0,25745.0,0.0
25745.0,25745.0,25745.0,0.0
25745.0,25745.0,25745.0,0.0
25745.0,25745.0,25745.0,0.0
25745.0,25745.0,25745.0,0.0
25745.0,25745.0,25745.0,0.0
25745.0,25745.0,25745.0,0.0
25745.0,25745.0,25745.0,0.0
25745.0,25745.0,25745.0,0.0
25745.0,25745.0,25745.0,0.0
25745.0,25745.0,25745.0,0.0
25745.0,25745.0,25745.0,0.0
25745.0,25745.0,25745.0,0.0
25745.0,25745.0,25745.0,0.0
25745.0,25745.0,25745.0,0.0
25745.0,25747.0,25745.033333333333,0.2560382247043703
25745.0,25747.0,25745.1,0.43589009673282153
25745.0,25747.0,25745.266666666666,0.6798693534222426
25745.0,25748.0,25746.05,1.0234744815114418
25745.0,25748.0,25746.75,0.82915619758885
25747.0,25748.0,25747.216666666667,0.4119735421601762
25747.0,25748.0,25747.6,0.4898980799574874
25747.0,25748.0,25747.916666666668,0.27638530334839156
25748.0,25748.0,25748.0,0.0
25748.0,25748.0,25748.0,0.0
25748.0,25748.0,25748.0,0.0
25747.0,25748.0,25747.983333333334,0.12801911235218516
25748.0,25748.0,25748.0,0.0
25748.0,25748.0,25748.0,0.0
25748.0,25748.0,25748.0,0.0
25748.0,25748.0,25748.0,0.0
25748.0,25748.0,25748.0,0.0
25748.0,25748.0,25748.0,0.0
25748.0,25748.0,25748.0,0.0
25747.0,25748.0,25747.983333333334,0.12801911235218516
25748.0,25748.0,25748.0,0.0
25748.0,25748.0,25748.0,0.0
25748.0,25748.0,25748.0,0.0
25748.0,25748.0,25748.0,0.0
25748.0,25748.0,25748.0,0.0
25748.0,25748.0,25748.0,0.0
25748.0,25748.0,25748.0,0.0
25748.0,25748.0,25748.0,0.0
25748.0,25749.0,25748.033333333333,0.1795056293423027
25748.0,25749.0,25748.1,0.3000002543130432
25748.0,25749.0,25748.25,0.4330127018922193
25748.0,25750.0,25748.566666666666,0.5280993664180608
25748.0,25750.0,25748.933333333334,0.4784231914072456
25749.0,25750.0,25749.35,0.47696968568486287
25749.0,25750.0,25749.8,0.40000010728834623
25750.0,25750.0,25750.0,0.0
25750.0,25750.0,25750.0,0.0
25750.0,25750.0,25750.0,0.0
25750.0,25750.0,25750.0,0.0
25750.0,25750.0,25750.0,0.0
25750.0,25750.0,25750.0,0.0
25750.0,25750.0,25750.0,0.0
25750.0,25750.0,25750.0,0.0
25750.0,25750.0,25750.0,0.0
25750.0,25750.0,25750.0,0.0
25750.0,25750.0,25750.0,0.0
25750.0,25750.0,25750.0,0.0
25750.0,25750.0,25750.0,0.0
