-1.0,25760.0,16982.083333333332,11622.4705137529
-1.0,25760.0,19976.833333333332,10515.528352816558
-1.0,25760.0,20969.15,9939.581585467602
-1.0,25760.0,25330.65,3297.8999268473885
25758.0,25760.0,25759.966666666667,0.2560382247043703
25760.0,25760.0,25760.0,0.0
25760.0,25760.0,25760.0,0.0
25760.0,25760.0,25760.0,0.0
25760.0,25760.0,25760.0,0.0
25760.0,25760.0,25760.0,0.0
25760.0,25760.0,25760.0,0.0
25760.0,25760.0,25760.0,0.0
25760.0,25760.0,25760.0,0.0
25760.0,25760.0,25760.0,0.0
25760.0,25760.0,25760.0,0.0
25760.0,25760.0,25760.0,0.0
25760.0,25760.0,25760.0,0.0
25760.0,25760.0,25760.0,0.0
25760.0,25760.0,25760.0,0.0
25760.0,25760.0,25760.0,0.0
25760.0,25760.0,25760.0,0.0
25759.0,25760.0,25759.983333333334,0.12801911235218516
25760.0,25760.0,25760.0,0.0
25760.0,25760.0,25760.0,0.0
25760.0,25760.0,25760.0,0.0
25760.0,25760.0,25760.0,0.0
25760.0,25760.0,25760.0,0.0
25760.0,25760.0,25760.0,0.0
25760.0,25761.0,25760.016666666666,0.12801911235218516
25760.0,25761.0,25760.05,0.21794497999521517
25760.0,25761.0,25760.183333333334,0.3869394000411424
25661.0,25761.0,25758.8,12.742056349518515
25760.0,25762.0,25760.883333333335,0.36930851423508154
25761.0,25762.0,25761.066666666666,0.249443866140955
25761.0,25762.0,25761.2,0.3999999582767465
25761.0,25762.0,25761.533333333333,0.49888761280682964
25761.0,25762.0,25761.966666666667,0.1795056293423027
25762.0,25762.0,25762.0,0.0
25762.0,25762.0,25762.0,0.0
25762.0,25762.0,25762.0,0.0
25762.0,25762.0,25762.0,0.0
25762.0,25762.0,25762.0,0.0
25762.0,25762.0,25762.0,0.0
25761.0,25762.0,25761.983333333334,0.12801911235218516
25762.0,25762.0,25762.0,0.0
25762.0,25762.0,25762.0,0.0
25762.0,25762.0,25762.0,0.0
25762.0,25762.0,25762.0,0.0
24760.0,25762.0,25745.3,128.27513398983325
25762.0,25762.0,25762.0,0.0
25762.0,25762.0,25762.0,0.0
25762.0,25762.0,25762.0,0.0
25762.0,25762.0,25762.0,0.0
25762.0,25762.0,25762.0,0.0
25762.0,25762.0,25762.0,0.0
25762.0,25762.0,25762.0,0.0
25762.0,25762.0,25762.0,0.0
25762.0,25762.0,25762.0,0.0
25762.0,25762.0,25762.0,0.0
25762.0,25762.0,25762.0,0.0
25762.0,25762.0,25762.0,0.0
25762.0,25762.0,25762.0,0.0
25661.0,25762.0,25760.316666666666,12.929928678815942
25762.0,25762.0,25762.0,0.0
25762.0,25762.0,25762.0,0.0
25762.0,25762.0,25762.0,0.0
25762.0,25763.0,25762.016666666666,0.12801911235218516
25762.0,25763.0,25762.083333333332,0.27638551900610125
25762.0,25763.0,25762.35,0.47696968568486287
25762.0,25763.0,25762.7,0.4582574810493366
25762.0,25763.0,25762.966666666667,0.1795052972931067
25763.0,25763.0,25763.0,0.0
25763.0,25763.0,25763.0,0.0
25763.0,25763.0,25763.0,0.0
25763.0,25763.0,25763.0,0.0
25763.0,25763.0,25763.0,0.0
25763.0,25763.0,25763.0,0.0
25763.0,25763.0,25763.0,0.0
25763.0,25763.0,25763.0,0.0
25763.0,25763.0,25763.0,0.0
25763.0,25763.0,25763.0,0.0
25763.0,25763.0,25763.0,0.0
25763.0,25763.0,25763.0,0.0
25763.0,25763.0,25763.0,0.0
25763.0,25763.0,25763.0,0.0
25763.0,25763.0,25763.0,0.0
25763.0,25763.0,25763.0,0.0
25763.0,25763.0,25763.0,0.0
25762.0,25763.0,25762.983333333334,0.12801911235218516
25763.0,25763.0,25763.0,0.0
25763.0,25763.0,25763.0,0.0
25763.0,25763.0,25763.0,0.0
25763.0,25763.0,25763.0,0.0
25763.0,25763.0,25763.0,0.0
25762.0,25763.0,25762.983333333334,0.12801911235218516
25763.0,25763.0,25763.0,0.0
25763.0,25763.0,25763.0,0.0
25763.0,25763.0,25763.0,0.0
25763.0,25763.0,25763.0,0.0
25763.0,25763.0,25763.0,0.0
25763.0,25763.0,25763.0,0.0
25763.0,25763.0,25763.0,0.0
25763.0,25763.0,25763.0,0.0
25763.0,25763.0,25763.0,0.0
25763.0,25763.0,25763.0,0.0
25762.0,25763.0,25762.983333333334,0.12801911235218516
25762.0,25763.0,25762.983333333334,0.12801911235218516
25763.0,25763.0,25763.0,0.0
25763.0,25763.0,25763.0,0.0
25763.0,25765.0,25763.033333333333,0.2560382247043703
25763.0,25765.0,25763.066666666666,0.3590110926601226
25763.0,25765.0,25763.2,0.5715476469734831
25763.0,25765.0,25763.633333333335,0.8359956810214533
25763.0,25765.0,25764.433333333334,0.7608474834863038
25764.0,25765.0,25764.883333333335,0.3210225492739318
25764.0,25765.0,25764.983333333334,0.12801864675957114
25765.0,25765.0,25765.0,0.0
25765.0,25765.0,25765.0,0.0
25765.0,25765.0,25765.0,0.0
25765.0,25766.0,25765.016666666666,0.12801911235218516
25765.0,25766.0,25765.05,0.21794497999521517
25666.0,25766.0,25763.516666666666,12.701038893124176
25765.0,25766.0,25765.55,0.4974936610445816
25765.0,25766.0,25765.933333333334,0.249443866140955
25766.0,25766.0,25766.0,0.0
25766.0,25766.0,25766.0,0.0
25766.0,25766.0,25766.0,0.0
25766.0,25766.0,25766.0,0.0
25766.0,25766.0,25766.0,0.0
25766.0,25766.0,25766.0,0.0
25766.0,25766.0,25766.0,0.0
25766.0,25766.0,25766.0,0.0
25766.0,25766.0,25766.0,0.0
25766.0,25766.0,25766.0,0.0
25766.0,25766.0,25766.0,0.0
25766.0,25766.0,25766.0,0.0
25765.0,25766.0,25765.983333333334,0.12801911235218516
25766.0,25766.0,25766.0,0.0
25766.0,25766.0,25766.0,0.0
25766.0,25766.0,25766.0,0.0
25766.0,25766.0,25766.0,0.0
25766.0,25766.0,25766.0,0.0
25766.0,25766.0,25766.0,0.0
25766.0,25766.0,25766.0,0.0
25766.0,25766.0,25766.0,0.0
25765.0,25766.0,25765.983333333334,0.12801911235218516
25766.0,25766.0,25766.0,0.0
25766.0,25766.0,25766.0,0.0
25766.0,25766.0,25766.0,0.0
