-1.0,26321.0,21318.366666666665,8968.401033567186
-1.0,26321.0,19660.383333333335,10851.010879316984
-1.0,26321.0,21965.95,9232.17228396618
-1.0,44378.0,22477.1,10744.77665767574
-1.0,44378.0,25113.983333333334,12407.564847693615
-1.0,44378.0,29738.783333333333,17845.12956905578
-1.0,44378.0,40168.816666666666,11635.692405255584
44350.0,44379.0,44373.13333333333,9.116773319724727
44378.0,44379.0,44378.066666666666,0.2494443440407615
44378.0,44379.0,44378.23333333333,0.4229530406524677
44378.0,44379.0,44378.63333333333,0.4818945098766866
44378.0,44379.0,44378.96666666667,0.1795056293423027
44379.0,44380.0,44379.01666666667,0.12801724997156907
44379.0,44380.0,44379.066666666666,0.249443866140955
44379.0,44380.0,44379.183333333334,0.3869394000411424
44379.0,44380.0,44379.55,0.4974934214248083
44379.0,44380.0,44379.86666666667,0.3399345890403767
44380.0,44381.0,44380.01666666667,0.12801724997156907
44380.0,44381.0,44380.05,0.21794415953919502
44380.0,44381.0,44380.2,0.40000040531137915
44380.0,44381.0,44380.583333333336,0.49300643365774616
44380.0,44381.0,44380.95,0.21794580044814674
44381.0,44381.0,44381.0,0.0
44381.0,44381.0,44381.0,0.0
44381.0,44381.0,44381.0,0.0
44381.0,44381.0,44381.0,0.0
44381.0,44381.0,44381.0,0.0
44381.0,44381.0,44381.0,0.0
44381.0,44381.0,44381.0,0.0
-1.0,44381.0,43641.3,5681.743509698384
44381.0,44381.0,44381.0,0.0
44380.0,44381.0,44380.98333333333,0.1280209747057083
44381.0,44381.0,44381.0,0.0
44381.0,44381.0,44381.0,0.0
44381.0,44381.0,44381.0,0.0
44381.0,44381.0,44381.0,0.0
44381.0,44381.0,44381.0,0.0
44381.0,44381.0,44381.0,0.0
44381.0,44381.0,44381.0,0.0
44381.0,44381.0,44381.0,0.0
44381.0,44381.0,44381.0,0.0
44381.0,44381.0,44381.0,0.0
44380.0,44382.0,44381.0,0.1825740987768787
44381.0,44382.0,44381.05,0.2179447065102183
44381.0,44382.0,44381.11666666667,0.3210225492739318
44381.0,44382.0,44381.416666666664,0.49300667545836413
44381.0,44382.0,44381.78333333333,0.4119736868409098
44381.0,44382.0,44381.98333333333,0.1280200435323333
44382.0,44382.0,44382.0,0.0
44382.0,44383.0,44382.01666666667,0.1280181811652638
44382.0,44383.0,44382.03333333333,0.1795056293423027
44382.0,44383.0,44382.066666666666,0.2494443440407615
44382.0,44383.0,44382.26666666667,0.4422165177060944
44382.0,44383.0,44382.63333333333,0.4818945098766866
44382.0,44383.0,44382.95,0.21794580044814674
44383.0,44383.0,44383.0,0.0
44383.0,44383.0,44383.0,0.0
44383.0,44383.0,44383.0,0.0
44383.0,44383.0,44383.0,0.0
44383.0,44383.0,44383.0,0.0
44383.0,44383.0,44383.0,0.0
44383.0,44383.0,44383.0,0.0
44383.0,44384.0,44383.01666666667,0.1280181811652638
44383.0,44384.0,44383.05,0.21794415953919502
43382.0,44384.0,44366.51666666667,128.17377418432645
44383.0,44384.0,44383.5,0.5
44383.0,44384.0,44383.86666666667,0.3399345890403767
44384.0,44384.0,44384.0,0.0
44384.0,44384.0,44384.0,0.0
44384.0,44384.0,44384.0,0.0
44384.0,44384.0,44384.0,0.0
44384.0,44384.0,44384.0,0.0
44384.0,44384.0,44384.0,0.0
44384.0,44384.0,44384.0,0.0
44384.0,44384.0,44384.0,0.0
-1.0,44384.0,43644.25,5682.127566985803
44384.0,44384.0,44384.0,0.0
44384.0,44384.0,44384.0,0.0
44384.0,44384.0,44384.0,0.0
44384.0,44384.0,44384.0,0.0
44384.0,44384.0,44384.0,0.0
44384.0,45385.0,44400.683333333334,128.14711489393457
43383.0,45385.0,44467.416666666664,331.5746920214539
-1.0,45385.0,43994.6,5747.423052116509
44384.0,45385.0,45084.7,458.71582706538106
44384.0,45385.0,45351.63333333333,179.68499906507807
45385.0,45385.0,45385.0,0.0
45385.0,45385.0,45385.0,0.0
45385.0,45385.0,45385.0,0.0
45385.0,45385.0,45385.0,0.0
45385.0,45385.0,45385.0,0.0
45385.0,45385.0,45385.0,0.0
45384.0,45385.0,45384.98333333333,0.1280209747057083
45384.0,45385.0,45384.98333333333,0.1280209747057083
45385.0,45385.0,45385.0,0.0
45385.0,45385.0,45385.0,0.0
45385.0,45385.0,45385.0,0.0
45385.0,45385.0,45385.0,0.0
45385.0,45385.0,45385.0,0.0
45385.0,45385.0,45385.0,0.0
45385.0,45385.0,45385.0,0.0
45385.0,45385.0,45385.0,0.0
45385.0,45385.0,45385.0,0.0
45385.0,45385.0,45385.0,0.0
45383.0,45385.0,45384.96666666667,0.2560382247043703
45385.0,45385.0,45385.0,0.0
45385.0,45385.0,45385.0,0.0
45385.0,45385.0,45385.0,0.0
45385.0,45385.0,45385.0,0.0
45385.0,45385.0,45385.0,0.0
45385.0,45385.0,45385.0,0.0
45385.0,45385.0,45385.0,0.0
45385.0,45385.0,45385.0,0.0
45385.0,45385.0,45385.0,0.0
45385.0,45385.0,45385.0,0.0
45385.0,45385.0,45385.0,0.0
45385.0,45385.0,45385.0,0.0
45385.0,45385.0,45385.0,0.0
45385.0,45385.0,45385.0,0.0
45385.0,45385.0,45385.0,0.0
45385.0,45385.0,45385.0,0.0
45385.0,45385.0,45385.0,0.0
45385.0,45385.0,45385.0,0.0
45385.0,45385.0,45385.0,0.0
45385.0,45385.0,45385.0,0.0
45385.0,45385.0,45385.0,0.0
45385.0,45385.0,45385.0,0.0
45385.0,45385.0,45385.0,0.0
45385.0,45385.0,45385.0,0.0
45385.0,45385.0,45385.0,0.0
44384.0,45385.0,45368.316666666666,128.14711489393457
45385.0,45385.0,45385.0,0.0
45385.0,45385.0,45385.0,0.0
45385.0,45385.0,45385.0,0.0
45385.0,45385.0,45385.0,0.0
45385.0,45385.0,45385.0,0.0
45383.0,45385.0,45384.96666666667,0.2560382247043703
45385.0,45385.0,45385.0,0.0
45385.0,45385.0,45385.0,0.0
45384.0,45385.0,45384.98333333333,0.1280209747057083
45385.0,45385.0,45385.0,0.0
45385.0,45385.0,45385.0,0.0
45385.0,45385.0,45385.0,0.0
45385.0,45385.0,45385.0,0.0
45385.0,45385.0,45385.0,0.0
45385.0,45385.0,45385.0,0.0
45385.0,45385.0,45385.0,0.0
45385.0,45385.0,45385.0,0.0
45385.0,45385.0,45385.0,0.0
