-1.0,27219.0,20672.05,9423.4913990251
-1.0,27219.0,21782.216666666667,9167.631644526422
-1.0,27219.0,19943.85,11021.014074371744
-1.0,38285.0,20982.45,11193.69573677523
-1.0,38285.0,21306.933333333334,12636.17066053724
-1.0,38285.0,28060.666666666668,10200.18914966232
27219.0,39295.0,35390.63333333333,3454.20593367306
27219.0,39297.0,37763.98333333333,2278.1039593755017
38258.0,39297.0,38520.1,426.61687339662035
38285.0,39297.0,38958.48333333333,475.53115886941305
38287.0,39297.0,39278.583333333336,129.14607900374708
39295.0,39297.0,39296.6,0.8000000655651066
39295.0,39297.0,39296.96666666667,0.2560382247043703
39297.0,39298.0,39297.01666666667,0.1280181811652638
39297.0,39298.0,39297.05,0.21794415953919502
39297.0,39298.0,39297.15,0.3570711676989335
39297.0,39298.0,39297.5,0.5
39297.0,39298.0,39297.88333333333,0.32102292061613463
39298.0,39298.0,39298.0,0.0
39298.0,39298.0,39298.0,0.0
39298.0,39298.0,39298.0,0.0
39298.0,39298.0,39298.0,0.0
39298.0,39298.0,39298.0,0.0
39298.0,39298.0,39298.0,0.0
39298.0,39298.0,39298.0,0.0
39298.0,39298.0,39298.0,0.0
39298.0,39298.0,39298.0,0.0
39298.0,39298.0,39298.0,0.0
39298.0,39298.0,39298.0,0.0
39298.0,39298.0,39298.0,0.0
39298.0,39298.0,39298.0,0.0
39298.0,39298.0,39298.0,0.0
39298.0,39298.0,39298.0,0.0
39298.0,39298.0,39298.0,0.0
39298.0,39298.0,39298.0,0.0
39298.0,39298.0,39298.0,0.0
39298.0,39298.0,39298.0,0.0
39298.0,39298.0,39298.0,0.0
39298.0,39298.0,39298.0,0.0
39298.0,39298.0,39298.0,0.0
39298.0,39298.0,39298.0,0.0
39298.0,39298.0,39298.0,0.0
39298.0,39298.0,39298.0,0.0
39298.0,39298.0,39298.0,0.0
39298.0,39298.0,39298.0,0.0
39298.0,39298.0,39298.0,0.0
39298.0,39298.0,39298.0,0.0
39296.0,39298.0,39297.96666666667,0.2560382247043703
39298.0,39298.0,39298.0,0.0
39298.0,39298.0,39298.0,0.0
39298.0,39298.0,39298.0,0.0
39298.0,39298.0,39298.0,0.0
39298.0,39298.0,39298.0,0.0
39298.0,39298.0,39298.0,0.0
39298.0,39298.0,39298.0,0.0
39298.0,39298.0,39298.0,0.0
39298.0,39298.0,39298.0,0.0
39298.0,39298.0,39298.0,0.0
39298.0,39298.0,39298.0,0.0
39298.0,39298.0,39298.0,0.0
39298.0,39298.0,39298.0,0.0
39298.0,39298.0,39298.0,0.0
39298.0,39298.0,39298.0,0.0
39298.0,39298.0,39298.0,0.0
39298.0,39298.0,39298.0,0.0
39298.0,39298.0,39298.0,0.0
39298.0,39298.0,39298.0,0.0
39298.0,39298.0,39298.0,0.0
39298.0,39298.0,39298.0,0.0
39298.0,39298.0,39298.0,0.0
39298.0,39298.0,39298.0,0.0
39298.0,39298.0,39298.0,0.0
39298.0,39298.0,39298.0,0.0
39296.0,39298.0,39297.96666666667,0.2560382247043703
39297.0,39298.0,39297.98333333333,0.1280200435323333
39298.0,39298.0,39298.0,0.0
39298.0,39298.0,39298.0,0.0
39298.0,40299.0,39314.683333333334,128.14711489300433
39298.0,40299.0,39398.1,300.30000000025404
39298.0,40299.0,39748.45,497.9912122722846
39298.0,40299.0,40198.9,300.2999999998571
40299.0,40299.0,40299.0,0.0
40299.0,40299.0,40299.0,0.0
40299.0,40299.0,40299.0,0.0
40299.0,40299.0,40299.0,0.0
40299.0,40299.0,40299.0,0.0
40297.0,40299.0,40298.96666666667,0.2560382247043703
40298.0,40299.0,40298.98333333333,0.1280200435323333
40299.0,40299.0,40299.0,0.0
40299.0,40299.0,40299.0,0.0
40299.0,40299.0,40299.0,0.0
40299.0,40299.0,40299.0,0.0
40299.0,40299.0,40299.0,0.0
40299.0,40299.0,40299.0,0.0
40299.0,40299.0,40299.0,0.0
40299.0,40299.0,40299.0,0.0
40299.0,40299.0,40299.0,0.0
40299.0,40299.0,40299.0,0.0
40299.0,40299.0,40299.0,0.0
40298.0,40299.0,40298.98333333333,0.1280200435323333
40299.0,40299.0,40299.0,0.0
40299.0,40299.0,40299.0,0.0
40299.0,40299.0,40299.0,0.0
40299.0,40299.0,40299.0,0.0
40299.0,40301.0,40299.03333333333,0.2560382247043703
40299.0,40301.0,40299.13333333333,0.4988879712319849
40299.0,40301.0,40299.4,0.799999916553493
40299.0,40301.0,40299.96666666667,0.9994442110507258
40299.0,40301.0,40300.76666666667,0.6420450985478636
40301.0,40301.0,40301.0,0.0
40301.0,40301.0,40301.0,0.0
40301.0,40301.0,40301.0,0.0
40301.0,40301.0,40301.0,0.0
40301.0,40301.0,40301.0,0.0
40301.0,40301.0,40301.0,0.0
40301.0,40301.0,40301.0,0.0
40301.0,40301.0,40301.0,0.0
40301.0,40301.0,40301.0,0.0
40301.0,40301.0,40301.0,0.0
40301.0,40301.0,40301.0,0.0
40301.0,40301.0,40301.0,0.0
40301.0,40301.0,40301.0,0.0
40301.0,40301.0,40301.0,0.0
40301.0,40301.0,40301.0,0.0
40301.0,40301.0,40301.0,0.0
40301.0,40301.0,40301.0,0.0
40301.0,40301.0,40301.0,0.0
40301.0,40301.0,40301.0,0.0
40301.0,40301.0,40301.0,0.0
40301.0,40301.0,40301.0,0.0
40301.0,40301.0,40301.0,0.0
40301.0,40301.0,40301.0,0.0
40301.0,40301.0,40301.0,0.0
40301.0,40301.0,40301.0,0.0
40301.0,40301.0,40301.0,0.0
40301.0,40301.0,40301.0,0.0
40300.0,40301.0,40300.98333333333,0.1280209747057083
40301.0,40301.0,40301.0,0.0
40301.0,40301.0,40301.0,0.0
40301.0,40301.0,40301.0,0.0
40301.0,40301.0,40301.0,0.0
40301.0,40301.0,40301.0,0.0
40301.0,40301.0,40301.0,0.0
40301.0,40301.0,40301.0,0.0
40301.0,40301.0,40301.0,0.0
40301.0,40301.0,40301.0,0.0
40301.0,40301.0,40301.0,0.0
40301.0,40301.0,40301.0,0.0
40301.0,40301.0,40301.0,0.0
