-1.0,30276.0,14477.116666666667,12723.875951784066
-1.0,30276.0,21758.4,9915.232672005228
-1.0,30294.0,16935.633333333335,13952.345664160637
-1.0,30294.0,22915.4,12164.61530861813
25613.0,30308.0,29995.45,1075.9913324464871
30276.0,30308.0,30289.55,8.932011719849735
30289.0,30308.0,30297.766666666666,6.385835022987296
30294.0,30308.0,30303.666666666668,6.201254344001329
30300.0,30311.0,30307.916666666668,1.0998737024281604
30308.0,30311.0,30308.2,0.74833143912276
30298.0,30321.0,30308.5,2.3629078215346793
30298.0,30321.0,30310.266666666666,3.8291281339486676
30298.0,30321.0,30313.583333333332,5.171368830594711
30311.0,30321.0,30317.5,4.769696007084728
30311.0,30321.0,30320.5,2.179449471770337
30321.0,30321.0,30321.0,0.0
30321.0,30321.0,30321.0,0.0
30321.0,30321.0,30321.0,0.0
30321.0,30321.0,30321.0,0.0
30321.0,30321.0,30321.0,0.0
30321.0,30321.0,30321.0,0.0
30321.0,30321.0,30321.0,0.0
30321.0,30321.0,30321.0,0.0
30321.0,30321.0,30321.0,0.0
30321.0,30321.0,30321.0,0.0
30321.0,30321.0,30321.0,0.0
-1.0,30321.0,29815.633333333335,3881.7950227811816
30321.0,30321.0,30321.0,0.0
30321.0,30321.0,30321.0,0.0
30321.0,30321.0,30321.0,0.0
30321.0,30321.0,30321.0,0.0
30321.0,30321.0,30321.0,0.0
30321.0,30321.0,30321.0,0.0
30321.0,30321.0,30321.0,0.0
30321.0,30321.0,30321.0,0.0
30321.0,30321.0,30321.0,0.0
30321.0,30321.0,30321.0,0.0
30321.0,30321.0,30321.0,0.0
30321.0,30321.0,30321.0,0.0
30321.0,30321.0,30321.0,0.0
30321.0,30321.0,30321.0,0.0
30321.0,30321.0,30321.0,0.0
30321.0,30321.0,30321.0,0.0
30321.0,30321.0,30321.0,0.0
30321.0,30321.0,30321.0,0.0
30321.0,30321.0,30321.0,0.0
30321.0,30321.0,30321.0,0.0
30321.0,30321.0,30321.0,0.0
30321.0,30321.0,30321.0,0.0
30321.0,30321.0,30321.0,0.0
30321.0,30321.0,30321.0,0.0
30321.0,30321.0,30321.0,0.0
30321.0,30321.0,30321.0,0.0
30321.0,30321.0,30321.0,0.0
30321.0,30321.0,30321.0,0.0
30321.0,30322.0,30321.016666666666,0.12801911235218516
30321.0,30322.0,30321.083333333332,0.27638551900610125
30321.0,30322.0,30321.233333333334,0.42295247695221005
30321.0,30322.0,30321.65,0.47696956071957813
30321.0,30322.0,30321.983333333334,0.12801911235218516
30322.0,30322.0,30322.0,0.0
30322.0,30322.0,30322.0,0.0
30322.0,30322.0,30322.0,0.0
30322.0,30322.0,30322.0,0.0
30321.0,30322.0,30321.983333333334,0.12801911235218516
30322.0,30322.0,30322.0,0.0
30322.0,30322.0,30322.0,0.0
30322.0,30322.0,30322.0,0.0
30322.0,30322.0,30322.0,0.0
30322.0,30322.0,30322.0,0.0
30322.0,30322.0,30322.0,0.0
30321.0,30322.0,30321.983333333334,0.12801911235218516
30322.0,30322.0,30322.0,0.0
30322.0,30322.0,30322.0,0.0
30322.0,30322.0,30322.0,0.0
30322.0,30322.0,30322.0,0.0
30322.0,30322.0,30322.0,0.0
30322.0,30322.0,30322.0,0.0
30322.0,30322.0,30322.0,0.0
30322.0,30322.0,30322.0,0.0
30322.0,30322.0,30322.0,0.0
30322.0,30322.0,30322.0,0.0
30322.0,30322.0,30322.0,0.0
30322.0,30322.0,30322.0,0.0
30322.0,30322.0,30322.0,0.0
30322.0,30322.0,30322.0,0.0
30322.0,30322.0,30322.0,0.0
30322.0,30322.0,30322.0,0.0
30322.0,30322.0,30322.0,0.0
30322.0,30322.0,30322.0,0.0
30322.0,30322.0,30322.0,0.0
30322.0,30322.0,30322.0,0.0
30322.0,30322.0,30322.0,0.0
30322.0,30322.0,30322.0,0.0
30322.0,30322.0,30322.0,0.0
30322.0,30322.0,30322.0,0.0
30322.0,30322.0,30322.0,0.0
30322.0,30322.0,30322.0,0.0
30322.0,30322.0,30322.0,0.0
30321.0,30322.0,30321.983333333334,0.12801911235218516
30322.0,30322.0,30322.0,0.0
30322.0,30322.0,30322.0,0.0
30322.0,30322.0,30322.0,0.0
30322.0,30322.0,30322.0,0.0
-1.0,30322.0,29816.616666666665,3881.9230418770144
30322.0,30322.0,30322.0,0.0
30322.0,30322.0,30322.0,0.0
30322.0,30322.0,30322.0,0.0
30322.0,30322.0,30322.0,0.0
30322.0,30322.0,30322.0,0.0
30322.0,30322.0,30322.0,0.0
30322.0,30322.0,30322.0,0.0
30322.0,30322.0,30322.0,0.0
30322.0,30322.0,30322.0,0.0
30322.0,30322.0,30322.0,0.0
30322.0,30322.0,30322.0,0.0
30322.0,30322.0,30322.0,0.0
30322.0,30322.0,30322.0,0.0
30322.0,30322.0,30322.0,0.0
30322.0,30322.0,30322.0,0.0
30322.0,30322.0,30322.0,0.0
30322.0,30322.0,30322.0,0.0
30322.0,30322.0,30322.0,0.0
30322.0,30322.0,30322.0,0.0
30322.0,30322.0,30322.0,0.0
30322.0,30322.0,30322.0,0.0
30321.0,30322.0,30321.983333333334,0.12801911235218516
30322.0,30322.0,30322.0,0.0
30322.0,30322.0,30322.0,0.0
30322.0,30322.0,30322.0,0.0
30322.0,30322.0,30322.0,0.0
30322.0,30322.0,30322.0,0.0
30322.0,30322.0,30322.0,0.0
30322.0,30322.0,30322.0,0.0
30322.0,30322.0,30322.0,0.0
30322.0,30322.0,30322.0,0.0
30322.0,30322.0,30322.0,0.0
30322.0,30322.0,30322.0,0.0
30322.0,30322.0,30322.0,0.0
30322.0,30322.0,30322.0,0.0
30322.0,30322.0,30322.0,0.0
30322.0,30322.0,30322.0,0.0
30322.0,30322.0,30322.0,0.0
30322.0,30322.0,30322.0,0.0
30322.0,30322.0,30322.0,0.0
30322.0,30322.0,30322.0,0.0
30322.0,30322.0,30322.0,0.0
30322.0,30322.0,30322.0,0.0
30322.0,30322.0,30322.0,0.0
