-1.0,25583.0,13788.2,11646.453713183824
-1.0,25583.0,17562.883333333335,11282.280889506437
-1.0,25583.0,19774.35,10496.521296481995
-1.0,25583.0,18760.25,11313.45946594144
-1.0,25583.0,23450.95,7071.028987884294
25583.0,25583.0,25583.0,0.0
25583.0,25583.0,25583.0,0.0
25583.0,25583.0,25583.0,0.0
25583.0,25583.0,25583.0,0.0
25482.0,25583.0,25581.316666666666,12.929928678815942
25583.0,25583.0,25583.0,0.0
25583.0,25583.0,25583.0,0.0
25583.0,25583.0,25583.0,0.0
25583.0,25583.0,25583.0,0.0
25583.0,25583.0,25583.0,0.0
25583.0,25583.0,25583.0,0.0
25583.0,25584.0,25583.016666666666,0.12801911235218516
25583.0,25584.0,25583.05,0.21794497999521517
25583.0,25584.0,25583.133333333335,0.33993441369881966
25583.0,25584.0,25583.45,0.4974936610445816
25583.0,25584.0,25583.75,0.4330127018922193
25583.0,25584.0,25583.966666666667,0.1795052972931067
25584.0,25584.0,25584.0,0.0
25584.0,25584.0,25584.0,0.0
25584.0,25584.0,25584.0,0.0
25584.0,25584.0,25584.0,0.0
25584.0,25584.0,25584.0,0.0
25584.0,25584.0,25584.0,0.0
25583.0,25584.0,25583.983333333334,0.12801911235218516
25584.0,25584.0,25584.0,0.0
25584.0,25584.0,25584.0,0.0
25584.0,25584.0,25584.0,0.0
25584.0,25584.0,25584.0,0.0
25584.0,25584.0,25584.0,0.0
25584.0,25584.0,25584.0,0.0
25584.0,25584.0,25584.0,0.0
25584.0,25584.0,25584.0,0.0
25584.0,25584.0,25584.0,0.0
25584.0,25585.0,25584.016666666666,0.12801957794310587
25584.0,25585.0,25584.1,0.30000005563099663
25584.0,25585.0,25584.216666666667,0.4119735421601762
25584.0,25585.0,25584.583333333332,0.49300679635862865
25583.0,25585.0,25584.8,0.4396969267289435
25585.0,25585.0,25585.0,0.0
25585.0,25585.0,25585.0,0.0
25585.0,25585.0,25585.0,0.0
25585.0,25585.0,25585.0,0.0
25585.0,25585.0,25585.0,0.0
25585.0,25585.0,25585.0,0.0
25585.0,25585.0,25585.0,0.0
25585.0,25585.0,25585.0,0.0
25585.0,25585.0,25585.0,0.0
25585.0,25585.0,25585.0,0.0
25585.0,25585.0,25585.0,0.0
25585.0,25585.0,25585.0,0.0
25585.0,25585.0,25585.0,0.0
25585.0,25585.0,25585.0,0.0
25585.0,25585.0,25585.0,0.0
25585.0,25585.0,25585.0,0.0
25585.0,25585.0,25585.0,0.0
25585.0,25585.0,25585.0,0.0
25585.0,25585.0,25585.0,0.0
25585.0,25585.0,25585.0,0.0
25585.0,25585.0,25585.0,0.0
25585.0,25585.0,25585.0,0.0
25585.0,25586.0,25585.016666666666,0.12801911235218516
25585.0,25586.0,25585.033333333333,0.1795056293423027
25584.0,25586.0,25585.116666666665,0.36930883702546646
25585.0,25586.0,25585.416666666668,0.49300655455806996
25585.0,25587.0,25585.833333333332,0.41499669475847806
25585.0,25587.0,25586.05,0.33788568570269917
25586.0,25587.0,25586.35,0.47696968568486287
25586.0,25587.0,25586.6,0.48989795829003324
25586.0,25587.0,25586.95,0.21794497999521517
25587.0,25587.0,25587.0,0.0
25587.0,25587.0,25587.0,0.0
25587.0,25587.0,25587.0,0.0
25587.0,25587.0,25587.0,0.0
25587.0,25587.0,25587.0,0.0
25587.0,25587.0,25587.0,0.0
25587.0,25587.0,25587.0,0.0
25587.0,25587.0,25587.0,0.0
25587.0,25587.0,25587.0,0.0
25587.0,25587.0,25587.0,0.0
25587.0,25587.0,25587.0,0.0
25587.0,25587.0,25587.0,0.0
25587.0,25587.0,25587.0,0.0
25587.0,25587.0,25587.0,0.0
25587.0,25587.0,25587.0,0.0
25488.0,25587.0,25585.35,12.673890486240618
25587.0,25587.0,25587.0,0.0
25587.0,25587.0,25587.0,0.0
25587.0,25587.0,25587.0,0.0
25587.0,25587.0,25587.0,0.0
25587.0,25587.0,25587.0,0.0
25586.0,25587.0,25586.983333333334,0.12801911235218516
25587.0,25587.0,25587.0,0.0
25587.0,25590.0,25587.05,0.3840573370565555
25587.0,25590.0,25587.15,0.6006940046638344
25491.0,25590.0,25585.966666666667,12.40559909179602
25587.0,25590.0,25588.733333333334,1.2229290740094776
25588.0,25590.0,25589.733333333334,0.5436502474783323
25589.0,25590.0,25589.966666666667,0.1795052972931067
25590.0,25590.0,25590.0,0.0
25590.0,25590.0,25590.0,0.0
25590.0,25590.0,25590.0,0.0
25590.0,25590.0,25590.0,0.0
25590.0,25590.0,25590.0,0.0
25590.0,25590.0,25590.0,0.0
25590.0,25590.0,25590.0,0.0
25590.0,25590.0,25590.0,0.0
25590.0,25590.0,25590.0,0.0
25590.0,25590.0,25590.0,0.0
25590.0,25590.0,25590.0,0.0
25589.0,25592.0,25590.0,0.316227803714123
25590.0,25592.0,25590.066666666666,0.3590110926601226
25589.0,25593.0,25590.366666666665,0.8359958236170217
25589.0,25593.0,25591.066666666666,1.2892719907751058
25590.0,25593.0,25592.183333333334,0.8264717297389417
25592.0,25593.0,25592.883333333335,0.3210225492739318
25593.0,25593.0,25593.0,0.0
25593.0,25593.0,25593.0,0.0
25593.0,25593.0,25593.0,0.0
25593.0,25593.0,25593.0,0.0
25593.0,25593.0,25593.0,0.0
25593.0,25593.0,25593.0,0.0
25593.0,25593.0,25593.0,0.0
25593.0,25593.0,25593.0,0.0
25593.0,25594.0,25593.016666666666,0.12801911235218516
25593.0,25594.0,25593.016666666666,0.12801911235218516
25593.0,25594.0,25593.016666666666,0.12801911235218516
25592.0,25594.0,25593.033333333333,0.2560382247043703
25593.0,25594.0,25593.25,0.4330127018922193
25593.0,25594.0,25593.666666666668,0.4714043803015157
25593.0,25594.0,25593.95,0.2179447065102183
25594.0,25594.0,25594.0,0.0
25594.0,25594.0,25594.0,0.0
25594.0,25594.0,25594.0,0.0
25594.0,25594.0,25594.0,0.0
25594.0,25594.0,25594.0,0.0
25594.0,25594.0,25594.0,0.0
25594.0,25595.0,25594.016666666666,0.12801911235218516
25594.0,25595.0,25594.066666666666,0.249443866140955
25594.0,25595.0,25594.183333333334,0.3869394000411424
25594.0,25595.0,25594.566666666666,0.49553570937619396
25594.0,25595.0,25594.9,0.2999998569488184
25495.0,25595.0,25593.333333333332,12.801909582367635
25595.0,25595.0,25595.0,0.0
25595.0,25595.0,25595.0,0.0
