-1.0,25951.0,15421.166666666666,12221.524745528093
-1.0,25951.0,18739.1,11323.420715048967
-1.0,25951.0,17992.983333333334,11782.845834081096
-1.0,25951.0,22403.633333333335,8790.003219503893
25646.0,25951.0,25941.516666666666,51.20627945375661
25951.0,25951.0,25951.0,0.0
25951.0,25951.0,25951.0,0.0
25951.0,25951.0,25951.0,0.0
25951.0,25951.0,25951.0,0.0
25951.0,25951.0,25951.0,0.0
25951.0,25951.0,25951.0,0.0
25951.0,25951.0,25951.0,0.0
25951.0,25951.0,25951.0,0.0
25949.0,25951.0,25950.966666666667,0.2560382247043703
25951.0,25951.0,25951.0,0.0
25950.0,25951.0,25950.983333333334,0.12801911235218516
25948.0,25951.0,25950.95,0.38405718185926835
25951.0,25951.0,25951.0,0.0
25951.0,25951.0,25951.0,0.0
25951.0,25951.0,25951.0,0.0
25951.0,25951.0,25951.0,0.0
25951.0,25951.0,25951.0,0.0
25951.0,25951.0,25951.0,0.0
25951.0,25951.0,25951.0,0.0
25951.0,25951.0,25951.0,0.0
25951.0,25951.0,25951.0,0.0
25951.0,25951.0,25951.0,0.0
25949.0,25951.0,25950.966666666667,0.2560382247043703
25951.0,25951.0,25951.0,0.0
25951.0,25951.0,25951.0,0.0
25951.0,25951.0,25951.0,0.0
25951.0,25951.0,25951.0,0.0
25951.0,25951.0,25951.0,0.0
25951.0,25951.0,25951.0,0.0
25951.0,25951.0,25951.0,0.0
25948.0,25951.0,25950.95,0.38405718185926835
25951.0,25951.0,25951.0,0.0
25951.0,25951.0,25951.0,0.0
25951.0,25951.0,25951.0,0.0
25951.0,25951.0,25951.0,0.0
25951.0,25951.0,25951.0,0.0
25951.0,25951.0,25951.0,0.0
25951.0,25951.0,25951.0,0.0
25951.0,25952.0,25951.016666666666,0.12801911235218516
25951.0,25952.0,25951.066666666666,0.2494441050909727
25951.0,25952.0,25951.2,0.3999999582767465
25951.0,25952.0,25951.55,0.4974937808544249
25949.0,25953.0,25951.883333333335,0.5505047909201607
25952.0,25953.0,25952.133333333335,0.33993441369881966
25952.0,25953.0,25952.333333333332,0.47140450674208195
25951.0,25954.0,25952.683333333334,0.5320296456961173
25952.0,25954.0,25952.983333333334,0.28819371163352936
25953.0,25954.0,25953.083333333332,0.27638551900610125
25952.0,25954.0,25953.266666666666,0.5120763330107856
25953.0,25954.0,25953.75,0.4330127018922193
25953.0,25954.0,25953.983333333334,0.12801911235218516
25954.0,25954.0,25954.0,0.0
25954.0,25954.0,25954.0,0.0
25954.0,25954.0,25954.0,0.0
25954.0,25954.0,25954.0,0.0
25951.0,25954.0,25953.95,0.38405718185926835
25954.0,25954.0,25954.0,0.0
25954.0,25954.0,25954.0,0.0
25954.0,25954.0,25954.0,0.0
25954.0,25954.0,25954.0,0.0
25954.0,25954.0,25954.0,0.0
25954.0,25954.0,25954.0,0.0
25954.0,25954.0,25954.0,0.0
25954.0,25954.0,25954.0,0.0
25853.0,25954.0,25952.316666666666,12.929928674206122
25953.0,25954.0,25953.983333333334,0.12801911235218516
25954.0,25954.0,25954.0,0.0
25953.0,25954.0,25953.983333333334,0.12801911235218516
25954.0,25954.0,25954.0,0.0
25954.0,25954.0,25954.0,0.0
25953.0,25954.0,25953.983333333334,0.12801911235218516
25952.0,25954.0,25953.966666666667,0.2560379919083808
25954.0,25954.0,25954.0,0.0
25954.0,25954.0,25954.0,0.0
25954.0,25954.0,25954.0,0.0
25954.0,25954.0,25954.0,0.0
25954.0,25954.0,25954.0,0.0
25954.0,25954.0,25954.0,0.0
25954.0,25954.0,25954.0,0.0
25954.0,25954.0,25954.0,0.0
25954.0,25954.0,25954.0,0.0
25954.0,25954.0,25954.0,0.0
25954.0,25954.0,25954.0,0.0
25954.0,25954.0,25954.0,0.0
25954.0,25954.0,25954.0,0.0
25954.0,25954.0,25954.0,0.0
25954.0,25954.0,25954.0,0.0
25952.0,25954.0,25953.966666666667,0.2560379919083808
25954.0,25954.0,25954.0,0.0
25954.0,25954.0,25954.0,0.0
25954.0,25954.0,25954.0,0.0
25954.0,25954.0,25954.0,0.0
25954.0,25954.0,25954.0,0.0
25954.0,25954.0,25954.0,0.0
25954.0,25954.0,25954.0,0.0
25953.0,25954.0,25953.983333333334,0.12801911235218516
25951.0,25954.0,25953.95,0.38405718185926835
25954.0,25954.0,25954.0,0.0
25954.0,25954.0,25954.0,0.0
25954.0,25954.0,25954.0,0.0
25953.0,25954.0,25953.983333333334,0.12801911235218516
25954.0,25954.0,25954.0,0.0
25954.0,25954.0,25954.0,0.0
25954.0,25954.0,25954.0,0.0
25954.0,25954.0,25954.0,0.0
25954.0,25954.0,25954.0,0.0
25954.0,25954.0,25954.0,0.0
25954.0,25954.0,25954.0,0.0
25954.0,25954.0,25954.0,0.0
25954.0,25954.0,25954.0,0.0
25954.0,25954.0,25954.0,0.0
25954.0,25954.0,25954.0,0.0
25954.0,25954.0,25954.0,0.0
25953.0,25954.0,25953.983333333334,0.12801911235218516
25954.0,25954.0,25954.0,0.0
25954.0,25954.0,25954.0,0.0
25954.0,25954.0,25954.0,0.0
25954.0,25954.0,25954.0,0.0
25952.0,25954.0,25953.966666666667,0.2560379919083808
25954.0,25954.0,25954.0,0.0
25954.0,25954.0,25954.0,0.0
25954.0,25954.0,25954.0,0.0
25954.0,25954.0,25954.0,0.0
25954.0,25954.0,25954.0,0.0
25954.0,25954.0,25954.0,0.0
25954.0,25954.0,25954.0,0.0
25954.0,25954.0,25954.0,0.0
25954.0,25954.0,25954.0,0.0
25954.0,25954.0,25954.0,0.0
25952.0,25954.0,25953.966666666667,0.2560379919083808
25954.0,25954.0,25954.0,0.0
25953.0,25954.0,25953.983333333334,0.12801911235218516
25954.0,25954.0,25954.0,0.0
25954.0,25954.0,25954.0,0.0
25954.0,25954.0,25954.0,0.0
25954.0,25954.0,25954.0,0.0
25954.0,25954.0,25954.0,0.0
25954.0,25954.0,25954.0,0.0
25954.0,25954.0,25954.0,0.0
25954.0,25954.0,25954.0,0.0
25954.0,25954.0,25954.0,0.0
25954.0,25954.0,25954.0,0.0
25954.0,25954.0,25954.0,0.0
25954.0,25954.0,25954.0,0.0
