-1.0,38272.0,18305.066666666666,11782.239502554496
-1.0,39255.0,22279.816666666666,10582.73638918855
-1.0,40275.0,22057.283333333333,13502.396442967283
-1.0,40275.0,25466.416666666668,13947.424572648606
-1.0,40276.0,31546.816666666666,13969.945389408495
33215.0,40291.0,39422.23333333333,2037.4193838176463
38270.0,40294.0,40238.433333333334,256.86256809594784
40239.0,40302.0,40283.15,10.596894194288316
40276.0,40302.0,40291.4,5.047111387592377
40291.0,40302.0,40295.13333333333,4.145144432505701
40291.0,40302.0,40299.0,3.6331804314792455
40294.0,40302.0,40301.316666666666,1.4999074112608908
40302.0,40302.0,40302.0,0.0
40302.0,40302.0,40302.0,0.0
40302.0,40302.0,40302.0,0.0
39302.0,40302.0,40285.333333333336,128.0190957976032
40302.0,40302.0,40302.0,0.0
40302.0,40302.0,40302.0,0.0
40302.0,40302.0,40302.0,0.0
40302.0,40304.0,40302.03333333333,0.2560382247043703
40302.0,40304.0,40302.1,0.43588995999043034
40302.0,40304.0,40302.433333333334,0.8239470843203524
40302.0,40304.0,40303.166666666664,0.9860133509167283
40302.0,40304.0,40303.833333333336,0.5527706066967831
40304.0,40304.0,40304.0,0.0
40304.0,40306.0,40304.03333333333,0.2560382247043703
40304.0,40306.0,40304.066666666666,0.3091209833028409
40304.0,40306.0,40304.333333333336,0.6497860409647107
40304.0,40306.0,40305.0,0.8164966295947133
40304.0,40306.0,40305.666666666664,0.5676464315374339
40305.0,40306.0,40305.98333333333,0.1280200435323333
40306.0,40306.0,40306.0,0.0
40306.0,40306.0,40306.0,0.0
40306.0,40306.0,40306.0,0.0
40306.0,40306.0,40306.0,0.0
40306.0,40306.0,40306.0,0.0
40306.0,40307.0,40306.01666666667,0.1280181811652638
40306.0,40307.0,40306.066666666666,0.249443866140955
40306.0,40307.0,40306.316666666666,0.46517624704100835
40306.0,40307.0,40306.76666666667,0.4229521951017995
40307.0,40307.0,40307.0,0.0
40307.0,40307.0,40307.0,0.0
40307.0,40307.0,40307.0,0.0
40307.0,40307.0,40307.0,0.0
40307.0,40307.0,40307.0,0.0
40307.0,40307.0,40307.0,0.0
40307.0,40307.0,40307.0,0.0
40307.0,40307.0,40307.0,0.0
40307.0,40307.0,40307.0,0.0
40307.0,40307.0,40307.0,0.0
40307.0,40307.0,40307.0,0.0
40305.0,40307.0,40306.96666666667,0.2560382247043703
40307.0,40308.0,40307.01666666667,0.1280181811652638
40307.0,40308.0,40307.066666666666,0.249443866140955
40307.0,40308.0,40307.25,0.4330127018922193
40307.0,40308.0,40307.51666666667,0.49972168806065287
40307.0,40308.0,40307.933333333334,0.249443866140955
40308.0,40308.0,40308.0,0.0
40307.0,40308.0,40307.98333333333,0.1280200435323333
40308.0,40308.0,40308.0,0.0
40308.0,40308.0,40308.0,0.0
40308.0,40308.0,40308.0,0.0
40307.0,40308.0,40307.98333333333,0.1280200435323333
40308.0,40308.0,40308.0,0.0
40308.0,40308.0,40308.0,0.0
40308.0,40308.0,40308.0,0.0
40308.0,40308.0,40308.0,0.0
40308.0,40308.0,40308.0,0.0
40308.0,40308.0,40308.0,0.0
39307.0,40308.0,40291.316666666666,128.14711489393457
40308.0,40309.0,40308.01666666667,0.12801724997156907
40308.0,40309.0,40308.066666666666,0.249443866140955
40308.0,40309.0,40308.21666666667,0.4119733974793917
40308.0,40309.0,40308.48333333333,0.4997226422651918
39308.0,40309.0,40292.2,128.1323274340768
40309.0,40309.0,40309.0,0.0
40309.0,40309.0,40309.0,0.0
40309.0,40309.0,40309.0,0.0
40309.0,40309.0,40309.0,0.0
40309.0,40309.0,40309.0,0.0
40307.0,40309.0,40308.96666666667,0.2560382247043703
40309.0,40309.0,40309.0,0.0
40309.0,40309.0,40309.0,0.0
40309.0,40309.0,40309.0,0.0
40309.0,40309.0,40309.0,0.0
39308.0,40309.0,40292.316666666666,128.14711489393457
40309.0,40309.0,40309.0,0.0
40309.0,40309.0,40309.0,0.0
40309.0,40309.0,40309.0,0.0
40309.0,40309.0,40309.0,0.0
40309.0,40309.0,40309.0,0.0
40307.0,40309.0,40308.96666666667,0.2560382247043703
40309.0,40309.0,40309.0,0.0
40309.0,40309.0,40309.0,0.0
40309.0,40309.0,40309.0,0.0
40309.0,40309.0,40309.0,0.0
40309.0,40309.0,40309.0,0.0
40309.0,40309.0,40309.0,0.0
40309.0,40309.0,40309.0,0.0
40309.0,40310.0,40309.01666666667,0.1280181811652638
40309.0,40310.0,40309.083333333336,0.2763848720324673
40309.0,40310.0,40309.28333333333,0.45061693287478827
40309.0,40310.0,40309.61666666667,0.4861981934551915
40309.0,40311.0,40309.98333333333,0.2229858101063587
40310.0,40311.0,40310.05,0.21794415953919502
40310.0,40311.0,40310.183333333334,0.3869394000411424
40310.0,40311.0,40310.583333333336,0.49300643365774616
40310.0,40311.0,40310.95,0.21794580044814674
40311.0,40311.0,40311.0,0.0
40311.0,40311.0,40311.0,0.0
40311.0,40311.0,40311.0,0.0
40311.0,40311.0,40311.0,0.0
40311.0,40311.0,40311.0,0.0
40310.0,40311.0,40310.98333333333,0.1280200435323333
40311.0,40311.0,40311.0,0.0
40311.0,40311.0,40311.0,0.0
40311.0,40311.0,40311.0,0.0
40311.0,40311.0,40311.0,0.0
40311.0,40311.0,40311.0,0.0
40311.0,40311.0,40311.0,0.0
40311.0,40311.0,40311.0,0.0
40310.0,40311.0,40310.98333333333,0.1280200435323333
40311.0,40311.0,40311.0,0.0
40311.0,40311.0,40311.0,0.0
40311.0,40311.0,40311.0,0.0
40311.0,40311.0,40311.0,0.0
40311.0,40311.0,40311.0,0.0
40310.0,40311.0,40310.98333333333,0.1280200435323333
40311.0,40311.0,40311.0,0.0
40311.0,40311.0,40311.0,0.0
40311.0,40311.0,40311.0,0.0
40311.0,40311.0,40311.0,0.0
40311.0,40311.0,40311.0,0.0
40311.0,40311.0,40311.0,0.0
40311.0,40311.0,40311.0,0.0
40310.0,40311.0,40310.98333333333,0.1280200435323333
40311.0,40311.0,40311.0,0.0
40311.0,40311.0,40311.0,0.0
40311.0,40311.0,40311.0,0.0
40311.0,40311.0,40311.0,0.0
40311.0,40311.0,40311.0,0.0
40311.0,40311.0,40311.0,0.0
40311.0,40311.0,40311.0,0.0
40311.0,40311.0,40311.0,0.0
40311.0,40311.0,40311.0,0.0
40311.0,40311.0,40311.0,0.0
40311.0,40313.0,40311.03333333333,0.2560382247043703
40311.0,40313.0,40311.26666666667,0.6548958385433753
40311.0,40313.0,40311.88333333333,0.9502924117750269
