-1.0,25534.0,13068.583333333334,12021.661380319092
-1.0,25542.0,17441.516666666666,11607.873982045789
-1.0,25542.0,23379.566666666666,7050.785675763774
25534.0,25542.0,25536.0,3.2863353377761504
25533.0,25543.0,25538.966666666667,3.7370517187574364
25534.0,25543.0,25541.65,1.6815171323794462
25542.0,25543.0,25542.333333333332,0.47140463318261433
25542.0,25543.0,25542.6,0.4898980799574874
25542.0,25544.0,25543.0,0.1825740987768787
25543.0,25544.0,25543.016666666666,0.12801911235218516
25543.0,25544.0,25543.066666666666,0.249443866140955
25543.0,25544.0,25543.233333333334,0.42295247695221005
25543.0,25544.0,25543.6,0.4898980799574874
25543.0,25544.0,25543.933333333334,0.249443866140955
25544.0,25544.0,25544.0,0.0
25544.0,25544.0,25544.0,0.0
25544.0,25544.0,25544.0,0.0
25544.0,25544.0,25544.0,0.0
25544.0,25544.0,25544.0,0.0
25543.0,25544.0,25543.983333333334,0.12801864675957114
25544.0,25544.0,25544.0,0.0
25544.0,25545.0,25544.016666666666,0.12801911235218516
25544.0,25545.0,25544.033333333333,0.1795056293423027
25544.0,25545.0,25544.1,0.30000005563099663
25544.0,25545.0,25544.433333333334,0.49553558909293105
25544.0,25545.0,25544.8,0.40000010728834623
25544.0,25545.0,25544.983333333334,0.12801911235218516
25545.0,25545.0,25545.0,0.0
25545.0,25545.0,25545.0,0.0
25545.0,25545.0,25545.0,0.0
25545.0,25545.0,25545.0,0.0
25544.0,25545.0,25544.983333333334,0.12801911235218516
25545.0,25545.0,25545.0,0.0
25545.0,25546.0,25545.016666666666,0.12801911235218516
25543.0,25546.0,25545.0,0.3651483607878411
25545.0,25546.0,25545.166666666668,0.3726779251672715
25545.0,25546.0,25545.383333333335,0.4861983160484838
25545.0,25546.0,25545.75,0.4330127018922193
25545.0,25546.0,25545.966666666667,0.1795056293423027
25544.0,25546.0,25545.966666666667,0.2560382247043703
25546.0,25546.0,25546.0,0.0
25546.0,25546.0,25546.0,0.0
25546.0,25546.0,25546.0,0.0
25546.0,25546.0,25546.0,0.0
25546.0,25546.0,25546.0,0.0
25546.0,25546.0,25546.0,0.0
25546.0,25546.0,25546.0,0.0
25545.0,25546.0,25545.983333333334,0.12801911235218516
25546.0,25546.0,25546.0,0.0
25546.0,25546.0,25546.0,0.0
25546.0,25546.0,25546.0,0.0
25546.0,25546.0,25546.0,0.0
25546.0,25546.0,25546.0,0.0
25546.0,25546.0,25546.0,0.0
25546.0,25546.0,25546.0,0.0
25546.0,25546.0,25546.0,0.0
25546.0,25546.0,25546.0,0.0
25546.0,25546.0,25546.0,0.0
25546.0,25546.0,25546.0,0.0
25546.0,25546.0,25546.0,0.0
25546.0,25546.0,25546.0,0.0
25546.0,25546.0,25546.0,0.0
25546.0,25546.0,25546.0,0.0
25546.0,25546.0,25546.0,0.0
25546.0,25546.0,25546.0,0.0
25546.0,25546.0,25546.0,0.0
25546.0,25547.0,25546.016666666666,0.12801911235218516
25546.0,25547.0,25546.083333333332,0.27638551900610125
25545.0,25547.0,25546.233333333334,0.4606758280108571
25546.0,25547.0,25546.483333333334,0.4997221651631501
25546.0,25547.0,25546.816666666666,0.386939708123602
25547.0,25547.0,25547.0,0.0
25547.0,25547.0,25547.0,0.0
25547.0,25547.0,25547.0,0.0
25547.0,25547.0,25547.0,0.0
25547.0,25547.0,25547.0,0.0
25547.0,25547.0,25547.0,0.0
25547.0,25547.0,25547.0,0.0
25547.0,25547.0,25547.0,0.0
25547.0,25547.0,25547.0,0.0
25547.0,25547.0,25547.0,0.0
25547.0,25547.0,25547.0,0.0
25547.0,25547.0,25547.0,0.0
25547.0,25547.0,25547.0,0.0
25547.0,25547.0,25547.0,0.0
25547.0,25547.0,25547.0,0.0
25547.0,25547.0,25547.0,0.0
25547.0,25547.0,25547.0,0.0
25547.0,25547.0,25547.0,0.0
25547.0,25547.0,25547.0,0.0
25547.0,25547.0,25547.0,0.0
25547.0,25548.0,25547.016666666666,0.12801911235218516
25543.0,25548.0,25546.966666666667,0.7063206426348427
25547.0,25548.0,25547.283333333333,0.4506168006013445
25547.0,25548.0,25547.616666666665,0.48619856123497573
25547.0,25548.0,25547.95,0.21794497999521517
25548.0,25548.0,25548.0,0.0
25547.0,25548.0,25547.983333333334,0.12801911235218516
25548.0,25548.0,25548.0,0.0
25548.0,25548.0,25548.0,0.0
25545.0,25548.0,25547.95,0.3840573370565555
25548.0,25548.0,25548.0,0.0
25548.0,25548.0,25548.0,0.0
25548.0,25548.0,25548.0,0.0
25548.0,25548.0,25548.0,0.0
25548.0,25548.0,25548.0,0.0
25548.0,25548.0,25548.0,0.0
25547.0,25549.0,25548.0,0.1825740987768787
25548.0,25549.0,25548.05,0.21794497999521517
25548.0,25549.0,25548.25,0.4330127018922193
25548.0,25549.0,25548.616666666665,0.48619856123497573
25548.0,25549.0,25548.916666666668,0.27638530334839156
25549.0,25549.0,25549.0,0.0
25549.0,25549.0,25549.0,0.0
25549.0,25549.0,25549.0,0.0
25548.0,25549.0,25548.983333333334,0.12801911235218516
25549.0,25549.0,25549.0,0.0
25549.0,25549.0,25549.0,0.0
25549.0,25549.0,25549.0,0.0
25549.0,25549.0,25549.0,0.0
25549.0,25549.0,25549.0,0.0
25549.0,25549.0,25549.0,0.0
25549.0,25549.0,25549.0,0.0
25549.0,25549.0,25549.0,0.0
25549.0,25549.0,25549.0,0.0
25549.0,25549.0,25549.0,0.0
25548.0,25549.0,25548.983333333334,0.12801911235218516
25549.0,25549.0,25549.0,0.0
25549.0,25549.0,25549.0,0.0
25549.0,25549.0,25549.0,0.0
25549.0,25549.0,25549.0,0.0
25549.0,25549.0,25549.0,0.0
25549.0,25549.0,25549.0,0.0
25549.0,25549.0,25549.0,0.0
25549.0,25549.0,25549.0,0.0
25549.0,25549.0,25549.0,0.0
25549.0,25549.0,25549.0,0.0
25549.0,25550.0,25549.016666666666,0.12801911235218516
25549.0,25550.0,25549.116666666665,0.32102273494508693
25549.0,25550.0,25549.466666666667,0.49888773228191
25549.0,25550.0,25549.883333333335,0.3210225492739318
25549.0,25550.0,25549.983333333334,0.12801911235218516
25549.0,25550.0,25549.983333333334,0.12801911235218516
25549.0,25550.0,25549.983333333334,0.12801911235218516
25550.0,25550.0,25550.0,0.0
25549.0,25550.0,25549.983333333334,0.12801911235218516
25550.0,25550.0,25550.0,0.0
25550.0,25550.0,25550.0,0.0
25550.0,25550.0,25550.0,0.0
