-1.0,25829.0,17362.633333333335,11479.398138936645
-1.0,25919.0,18798.933333333334,11341.447081195396
-1.0,25919.0,15450.9,12616.713779348407
-1.0,25919.0,17233.016666666666,12186.394678071207
-1.0,25919.0,23294.033333333333,7765.177072388984
25711.0,26111.0,25914.166666666668,41.06789770895046
25919.0,26111.0,25938.2,57.599999999917216
25915.0,26111.0,25990.666666666668,92.33592054155663
25819.0,26111.0,26081.85,71.37642584744403
26111.0,26112.0,26111.016666666666,0.12801911235218516
26111.0,26112.0,26111.083333333332,0.27638551900610125
26111.0,26112.0,26111.433333333334,0.49553558909293105
26111.0,26112.0,26111.866666666665,0.33993476438184334
26112.0,26112.0,26112.0,0.0
26112.0,26112.0,26112.0,0.0
26112.0,26112.0,26112.0,0.0
26112.0,26112.0,26112.0,0.0
26110.0,26112.0,26111.966666666667,0.2560382247043703
26112.0,26112.0,26112.0,0.0
26112.0,26112.0,26112.0,0.0
26112.0,26112.0,26112.0,0.0
26112.0,26112.0,26112.0,0.0
26112.0,26112.0,26112.0,0.0
26112.0,26112.0,26112.0,0.0
26112.0,26112.0,26112.0,0.0
26112.0,26112.0,26112.0,0.0
26112.0,26112.0,26112.0,0.0
26112.0,26112.0,26112.0,0.0
26112.0,26112.0,26112.0,0.0
26111.0,26112.0,26111.983333333334,0.12801911235218516
26112.0,26112.0,26112.0,0.0
26112.0,26112.0,26112.0,0.0
26112.0,26112.0,26112.0,0.0
26112.0,26112.0,26112.0,0.0
26111.0,26112.0,26111.983333333334,0.12801911235218516
26112.0,26112.0,26112.0,0.0
26112.0,26112.0,26112.0,0.0
26110.0,26112.0,26111.966666666667,0.2560382247043703
26112.0,26112.0,26112.0,0.0
26112.0,26112.0,26112.0,0.0
26112.0,26112.0,26112.0,0.0
26112.0,26112.0,26112.0,0.0
26112.0,26112.0,26112.0,0.0
26112.0,26112.0,26112.0,0.0
26112.0,26112.0,26112.0,0.0
26012.0,26112.0,26110.333333333332,12.801909582367635
26110.0,26112.0,26111.966666666667,0.2560382247043703
26112.0,26112.0,26112.0,0.0
26112.0,26112.0,26112.0,0.0
26112.0,26112.0,26112.0,0.0
26112.0,26112.0,26112.0,0.0
26013.0,26112.0,26110.35,12.673890486240618
26112.0,26112.0,26112.0,0.0
26112.0,26112.0,26112.0,0.0
26111.0,26112.0,26111.983333333334,0.12801911235218516
26110.0,26112.0,26111.966666666667,0.2560382247043703
26110.0,26112.0,26111.966666666667,0.2560382247043703
26112.0,26112.0,26112.0,0.0
26112.0,26112.0,26112.0,0.0
26112.0,26112.0,26112.0,0.0
26112.0,26112.0,26112.0,0.0
26112.0,26112.0,26112.0,0.0
26112.0,26112.0,26112.0,0.0
26112.0,26112.0,26112.0,0.0
26112.0,26112.0,26112.0,0.0
26112.0,26112.0,26112.0,0.0
26112.0,26112.0,26112.0,0.0
26112.0,26112.0,26112.0,0.0
26112.0,26112.0,26112.0,0.0
26112.0,26112.0,26112.0,0.0
26111.0,26112.0,26111.983333333334,0.12801911235218516
26112.0,26112.0,26112.0,0.0
26112.0,26112.0,26112.0,0.0
26112.0,26112.0,26112.0,0.0
26112.0,26112.0,26112.0,0.0
26112.0,26112.0,26112.0,0.0
26112.0,26112.0,26112.0,0.0
26112.0,26112.0,26112.0,0.0
26112.0,26112.0,26112.0,0.0
26112.0,26112.0,26112.0,0.0
26111.0,26112.0,26111.983333333334,0.12801911235218516
26109.0,26112.0,26111.95,0.3840573370565555
26112.0,26112.0,26112.0,0.0
26112.0,26112.0,26112.0,0.0
26112.0,26112.0,26112.0,0.0
26112.0,26112.0,26112.0,0.0
26112.0,26112.0,26112.0,0.0
26112.0,26112.0,26112.0,0.0
26112.0,26112.0,26112.0,0.0
26112.0,26112.0,26112.0,0.0
26112.0,26112.0,26112.0,0.0
26112.0,26112.0,26112.0,0.0
26112.0,26112.0,26112.0,0.0
26112.0,26112.0,26112.0,0.0
26112.0,26112.0,26112.0,0.0
26112.0,26112.0,26112.0,0.0
26112.0,26112.0,26112.0,0.0
26112.0,26112.0,26112.0,0.0
26112.0,26112.0,26112.0,0.0
26112.0,26112.0,26112.0,0.0
26112.0,26112.0,26112.0,0.0
26111.0,26112.0,26111.983333333334,0.12801911235218516
26112.0,26112.0,26112.0,0.0
26112.0,26112.0,26112.0,0.0
26112.0,26112.0,26112.0,0.0
26112.0,26112.0,26112.0,0.0
26112.0,26112.0,26112.0,0.0
26112.0,26112.0,26112.0,0.0
26112.0,26112.0,26112.0,0.0
26112.0,26112.0,26112.0,0.0
26112.0,26112.0,26112.0,0.0
26112.0,26112.0,26112.0,0.0
26112.0,26113.0,26112.016666666666,0.12801911235218516
26111.0,26114.0,26112.116666666665,0.5193479974844901
26111.0,26114.0,26112.55,0.8450838777569012
26112.0,26114.0,26113.366666666665,0.815815981432647
26113.0,26114.0,26113.916666666668,0.27638530334839156
26114.0,26114.0,26114.0,0.0
26114.0,26114.0,26114.0,0.0
26114.0,26114.0,26114.0,0.0
26113.0,26114.0,26113.983333333334,0.12801864675957114
26113.0,26114.0,26113.983333333334,0.12801864675957114
26114.0,26114.0,26114.0,0.0
26114.0,26114.0,26114.0,0.0
26114.0,26114.0,26114.0,0.0
26111.0,26114.0,26113.95,0.38405718185926835
26114.0,26114.0,26114.0,0.0
26114.0,26114.0,26114.0,0.0
26114.0,26114.0,26114.0,0.0
26114.0,26114.0,26114.0,0.0
26114.0,26114.0,26114.0,0.0
26114.0,26114.0,26114.0,0.0
26114.0,26114.0,26114.0,0.0
26114.0,26114.0,26114.0,0.0
26114.0,26114.0,26114.0,0.0
26114.0,26114.0,26114.0,0.0
26114.0,26114.0,26114.0,0.0
26114.0,26114.0,26114.0,0.0
26113.0,26114.0,26113.966666666667,0.1795056293423027
26114.0,26114.0,26114.0,0.0
26114.0,26114.0,26114.0,0.0
26114.0,26114.0,26114.0,0.0
26114.0,26114.0,26114.0,0.0
26114.0,26114.0,26114.0,0.0
26114.0,26114.0,26114.0,0.0
26113.0,26114.0,26113.983333333334,0.12801864675957114
26114.0,26114.0,26114.0,0.0
26114.0,26114.0,26114.0,0.0
26114.0,26114.0,26114.0,0.0
