-1.0,25815.0,14740.1,11956.675582702743
-1.0,25815.0,18391.05,11264.403841933521
-1.0,25815.0,23586.216666666667,7113.7420932812975
-1.0,25815.0,25371.183333333334,3303.5354066598893
25815.0,25815.0,25815.0,0.0
25815.0,25815.0,25815.0,0.0
25815.0,25815.0,25815.0,0.0
25815.0,25815.0,25815.0,0.0
25815.0,25815.0,25815.0,0.0
25814.0,25815.0,25814.983333333334,0.12801911235218516
25815.0,25815.0,25815.0,0.0
25815.0,25815.0,25815.0,0.0
25815.0,25815.0,25815.0,0.0
25814.0,25815.0,25814.983333333334,0.12801911235218516
25815.0,25815.0,25815.0,0.0
25815.0,25815.0,25815.0,0.0
25815.0,25816.0,25815.016666666666,0.12801911235218516
25815.0,25816.0,25815.066666666666,0.2494441050909727
25815.0,25816.0,25815.2,0.3999999582767465
25815.0,25816.0,25815.583333333332,0.49300679635862865
25815.0,25816.0,25815.933333333334,0.24944362719070842
25816.0,25816.0,25816.0,0.0
25816.0,25816.0,25816.0,0.0
25816.0,25816.0,25816.0,0.0
25816.0,25816.0,25816.0,0.0
25816.0,25816.0,25816.0,0.0
25816.0,25816.0,25816.0,0.0
25816.0,25816.0,25816.0,0.0
25816.0,25816.0,25816.0,0.0
25815.0,25817.0,25816.0,0.1825740987768787
25813.0,25817.0,25816.05,0.4974937808544249
25815.0,25817.0,25816.3,0.49328829267595853
25816.0,25817.0,25816.7,0.4582576111173416
25816.0,25817.0,25816.966666666667,0.1795052972931067
25817.0,25817.0,25817.0,0.0
25817.0,25817.0,25817.0,0.0
25817.0,25817.0,25817.0,0.0
25817.0,25817.0,25817.0,0.0
25816.0,25817.0,25816.966666666667,0.1795052972931067
25817.0,25817.0,25817.0,0.0
25817.0,25817.0,25817.0,0.0
25817.0,25817.0,25817.0,0.0
25817.0,25817.0,25817.0,0.0
25817.0,25817.0,25817.0,0.0
25817.0,25817.0,25817.0,0.0
25817.0,25817.0,25817.0,0.0
25817.0,25817.0,25817.0,0.0
25817.0,25817.0,25817.0,0.0
25817.0,25817.0,25817.0,0.0
25817.0,25817.0,25817.0,0.0
25817.0,25817.0,25817.0,0.0
25817.0,25817.0,25817.0,0.0
25817.0,25817.0,25817.0,0.0
25817.0,25817.0,25817.0,0.0
25817.0,25817.0,25817.0,0.0
25817.0,25817.0,25817.0,0.0
25817.0,25817.0,25817.0,0.0
25817.0,25817.0,25817.0,0.0
25817.0,25817.0,25817.0,0.0
25817.0,25817.0,25817.0,0.0
25817.0,25817.0,25817.0,0.0
25817.0,25817.0,25817.0,0.0
25817.0,25817.0,25817.0,0.0
25817.0,25817.0,25817.0,0.0
25817.0,25817.0,25817.0,0.0
25817.0,25817.0,25817.0,0.0
25817.0,25817.0,25817.0,0.0
25817.0,25817.0,25817.0,0.0
25817.0,25818.0,25817.016666666666,0.12801911235218516
25817.0,25818.0,25817.083333333332,0.27638551900610125
25817.0,25818.0,25817.25,0.4330127018922193
25817.0,25818.0,25817.583333333332,0.49300667545836413
25817.0,25818.0,25817.95,0.21794497999521517
25818.0,25818.0,25818.0,0.0
25818.0,25818.0,25818.0,0.0
25818.0,25818.0,25818.0,0.0
25818.0,25818.0,25818.0,0.0
25818.0,25818.0,25818.0,0.0
25818.0,25818.0,25818.0,0.0
25818.0,25818.0,25818.0,0.0
25818.0,25818.0,25818.0,0.0
25818.0,25818.0,25818.0,0.0
25818.0,25818.0,25818.0,0.0
25817.0,25819.0,25818.0,0.1825740987768787
25818.0,25819.0,25818.05,0.21794497999521517
25818.0,25819.0,25818.183333333334,0.3869394000411424
25818.0,25819.0,25818.5,0.5
25818.0,25819.0,25818.933333333334,0.24944362719070842
25819.0,25819.0,25819.0,0.0
25819.0,25819.0,25819.0,0.0
25817.0,25819.0,25818.966666666667,0.2560379919083808
25819.0,25819.0,25819.0,0.0
25818.0,25819.0,25818.983333333334,0.12801911235218516
25819.0,25819.0,25819.0,0.0
25819.0,25819.0,25819.0,0.0
25819.0,25819.0,25819.0,0.0
25819.0,25819.0,25819.0,0.0
25818.0,25819.0,25818.983333333334,0.12801911235218516
25819.0,25819.0,25819.0,0.0
25819.0,25819.0,25819.0,0.0
25819.0,25819.0,25819.0,0.0
25819.0,25819.0,25819.0,0.0
25819.0,25819.0,25819.0,0.0
25819.0,25819.0,25819.0,0.0
25819.0,25819.0,25819.0,0.0
25819.0,25819.0,25819.0,0.0
25819.0,25819.0,25819.0,0.0
25819.0,25819.0,25819.0,0.0
25819.0,25819.0,25819.0,0.0
25819.0,25819.0,25819.0,0.0
25819.0,25819.0,25819.0,0.0
25819.0,25819.0,25819.0,0.0
25819.0,25819.0,25819.0,0.0
25819.0,25822.0,25819.05,0.3840573370565555
25819.0,25822.0,25819.05,0.3840573370565555
25819.0,25822.0,25819.3,0.8999999682108556
25819.0,25823.0,25819.95,1.3592277096283016
25819.0,25823.0,25821.35,1.1947803684133886
25819.0,25823.0,25822.083333333332,0.5565270023495511
25822.0,25823.0,25822.35,0.47696968568486287
25822.0,25823.0,25822.733333333334,0.44221665249218517
25822.0,25823.0,25822.983333333334,0.12801911235218516
25823.0,25823.0,25823.0,0.0
25823.0,25823.0,25823.0,0.0
25823.0,25823.0,25823.0,0.0
25823.0,25823.0,25823.0,0.0
25823.0,25823.0,25823.0,0.0
25823.0,25823.0,25823.0,0.0
25823.0,25823.0,25823.0,0.0
25823.0,25823.0,25823.0,0.0
25823.0,25823.0,25823.0,0.0
25823.0,25823.0,25823.0,0.0
25823.0,25823.0,25823.0,0.0
25823.0,25823.0,25823.0,0.0
25823.0,25823.0,25823.0,0.0
25823.0,25823.0,25823.0,0.0
25823.0,25823.0,25823.0,0.0
25823.0,25823.0,25823.0,0.0
25823.0,25823.0,25823.0,0.0
25823.0,25823.0,25823.0,0.0
25823.0,25823.0,25823.0,0.0
25823.0,25823.0,25823.0,0.0
25823.0,25823.0,25823.0,0.0
25823.0,25823.0,25823.0,0.0
25823.0,25823.0,25823.0,0.0
25821.0,25823.0,25822.966666666667,0.2560379919083808
25823.0,25823.0,25823.0,0.0
25823.0,25823.0,25823.0,0.0
25823.0,25823.0,25823.0,0.0
