-1.0,30294.0,18059.416666666668,10565.816171805602
-1.0,30294.0,20751.2,10529.350122079388
-1.0,30294.0,18587.7,13281.19018549668
-1.0,31305.0,21825.066666666666,12736.884276078757
-1.0,31305.0,24739.866666666665,11723.82993090948
29238.0,31305.0,30329.283333333333,260.98359409926405
-1.0,32279.0,29929.3,3915.4412152399846
-1.0,32304.0,29808.916666666668,5583.403222323776
30294.0,32304.0,31482.55,776.6726771942667
31294.0,32304.0,32113.933333333334,380.33462751755457
32279.0,32304.0,32301.6,6.014427105423123
32304.0,32304.0,32304.0,0.0
32304.0,32304.0,32304.0,0.0
32304.0,32304.0,32304.0,0.0
32304.0,32304.0,32304.0,0.0
32304.0,32304.0,32304.0,0.0
32304.0,32304.0,32304.0,0.0
32304.0,32304.0,32304.0,0.0
32304.0,32304.0,32304.0,0.0
32304.0,32304.0,32304.0,0.0
32304.0,32304.0,32304.0,0.0
32304.0,32305.0,32304.016666666666,0.12801957794310587
32304.0,32305.0,32304.05,0.21794525347986887
32304.0,32305.0,32304.166666666668,0.3726777652311617
32304.0,32305.0,32304.466666666667,0.49888761280682964
32304.0,32305.0,32304.85,0.3570715015518026
32305.0,32305.0,32305.0,0.0
32305.0,32305.0,32305.0,0.0
32305.0,32305.0,32305.0,0.0
32304.0,32306.0,32305.0,0.1825740987768787
32305.0,32306.0,32305.033333333333,0.1795056293423027
32305.0,32306.0,32305.116666666665,0.32102292061613463
32305.0,32307.0,32305.383333333335,0.5505046826474415
32305.0,32307.0,32305.85,0.6006942031164059
32305.0,32307.0,32306.433333333334,0.558768398485506
32306.0,32307.0,32306.833333333332,0.3726780851033127
32307.0,32307.0,32307.0,0.0
32307.0,32307.0,32307.0,0.0
32307.0,32307.0,32307.0,0.0
32307.0,32307.0,32307.0,0.0
32307.0,32307.0,32307.0,0.0
32307.0,32307.0,32307.0,0.0
32307.0,32307.0,32307.0,0.0
32307.0,32307.0,32307.0,0.0
32307.0,32307.0,32307.0,0.0
32307.0,32307.0,32307.0,0.0
32306.0,32307.0,32306.983333333334,0.12801911235218516
32307.0,32307.0,32307.0,0.0
32307.0,32307.0,32307.0,0.0
32307.0,32307.0,32307.0,0.0
32307.0,32307.0,32307.0,0.0
32307.0,32307.0,32307.0,0.0
32307.0,32307.0,32307.0,0.0
32307.0,32307.0,32307.0,0.0
32307.0,32307.0,32307.0,0.0
32307.0,32307.0,32307.0,0.0
32307.0,32307.0,32307.0,0.0
32307.0,32307.0,32307.0,0.0
32307.0,32307.0,32307.0,0.0
32307.0,32307.0,32307.0,0.0
32307.0,32308.0,32307.016666666666,0.12801911235218516
32307.0,32308.0,32307.1,0.3000002543130432
32307.0,32308.0,32307.366666666665,0.4818945098766866
32307.0,32308.0,32307.75,0.4330127018922193
32307.0,32308.0,32307.983333333334,0.12801911235218516
32308.0,32308.0,32308.0,0.0
32308.0,32308.0,32308.0,0.0
32308.0,32308.0,32308.0,0.0
32308.0,32308.0,32308.0,0.0
32308.0,32308.0,32308.0,0.0
32308.0,32308.0,32308.0,0.0
32308.0,32308.0,32308.0,0.0
32308.0,32308.0,32308.0,0.0
32308.0,32308.0,32308.0,0.0
32308.0,32308.0,32308.0,0.0
32308.0,32308.0,32308.0,0.0
32307.0,32308.0,32307.983333333334,0.12801911235218516
32308.0,32308.0,32308.0,0.0
32308.0,32308.0,32308.0,0.0
32308.0,32308.0,32308.0,0.0
32308.0,32308.0,32308.0,0.0
32308.0,32308.0,32308.0,0.0
32308.0,32309.0,32308.016666666666,0.12801911235218516
32308.0,32309.0,32308.1,0.3000002543130432
32308.0,32309.0,32308.35,0.4769698106501149
32308.0,32309.0,32308.783333333333,0.4119735421601762
32309.0,32309.0,32309.0,0.0
32309.0,32309.0,32309.0,0.0
32309.0,32309.0,32309.0,0.0
32309.0,32309.0,32309.0,0.0
32309.0,32309.0,32309.0,0.0
32309.0,32309.0,32309.0,0.0
32309.0,32309.0,32309.0,0.0
32309.0,32309.0,32309.0,0.0
32309.0,32309.0,32309.0,0.0
32309.0,32309.0,32309.0,0.0
32309.0,32309.0,32309.0,0.0
32309.0,32309.0,32309.0,0.0
32309.0,32309.0,32309.0,0.0
32309.0,32309.0,32309.0,0.0
32309.0,32309.0,32309.0,0.0
32309.0,32309.0,32309.0,0.0
32309.0,32309.0,32309.0,0.0
32309.0,32309.0,32309.0,0.0
32309.0,32309.0,32309.0,0.0
32309.0,32309.0,32309.0,0.0
32308.0,32309.0,32308.983333333334,0.12801864675957114
32309.0,32309.0,32309.0,0.0
32309.0,32309.0,32309.0,0.0
32309.0,32309.0,32309.0,0.0
32309.0,32309.0,32309.0,0.0
32309.0,32309.0,32309.0,0.0
32309.0,32309.0,32309.0,0.0
32309.0,32309.0,32309.0,0.0
32309.0,32309.0,32309.0,0.0
32309.0,32309.0,32309.0,0.0
32309.0,32309.0,32309.0,0.0
32309.0,32309.0,32309.0,0.0
32308.0,32309.0,32308.983333333334,0.12801864675957114
32309.0,32309.0,32309.0,0.0
32309.0,32309.0,32309.0,0.0
32309.0,32309.0,32309.0,0.0
32309.0,32309.0,32309.0,0.0
32309.0,32309.0,32309.0,0.0
32309.0,32309.0,32309.0,0.0
32309.0,32309.0,32309.0,0.0
32309.0,32309.0,32309.0,0.0
32309.0,32309.0,32309.0,0.0
32307.0,32310.0,32308.966666666667,0.3144660141477217
32309.0,32310.0,32309.033333333333,0.1795056293423027
32309.0,32310.0,32309.15,0.3570713346254071
32309.0,32310.0,32309.416666666668,0.49300655455806996
32309.0,32310.0,32309.833333333332,0.3726780851033127
32310.0,32310.0,32310.0,0.0
32310.0,32310.0,32310.0,0.0
32310.0,32310.0,32310.0,0.0
32310.0,32310.0,32310.0,0.0
32310.0,32310.0,32310.0,0.0
32310.0,32310.0,32310.0,0.0
32310.0,32310.0,32310.0,0.0
32310.0,32310.0,32310.0,0.0
32310.0,32310.0,32310.0,0.0
32310.0,32310.0,32310.0,0.0
32310.0,32310.0,32310.0,0.0
32310.0,32310.0,32310.0,0.0
32310.0,32310.0,32310.0,0.0
32310.0,32310.0,32310.0,0.0
32310.0,32310.0,32310.0,0.0
32310.0,32310.0,32310.0,0.0
