-1.0,25581.0,15223.183333333332,11505.87063559536
-1.0,25584.0,20505.35,9702.854275632852
-1.0,25912.0,23852.866666666665,6375.566339462632
-1.0,25912.0,25162.5,3276.5922668732105
25424.0,25912.0,25601.316666666666,101.66210235697109
-1.0,25912.0,25232.683333333334,3288.433961080695
25449.0,26133.0,25748.666666666668,175.97259887702506
25440.0,26133.0,25885.95,118.37812649838722
25912.0,26133.0,25950.55,66.18671190911127
25912.0,26133.0,26007.433333333334,79.24505592667344
25912.0,26133.0,26074.016666666666,65.19726263915739
26022.0,26133.0,26118.216666666667,37.398793058057905
26133.0,26133.0,26133.0,0.0
26133.0,26133.0,26133.0,0.0
26133.0,26134.0,26133.016666666666,0.12801911235218516
26133.0,26134.0,26133.05,0.21794497999521517
26133.0,26134.0,26133.266666666666,0.44221665249218517
26133.0,26134.0,26133.633333333335,0.48189426250030504
26133.0,26134.0,26133.966666666667,0.1795052972931067
26134.0,26134.0,26134.0,0.0
26134.0,26134.0,26134.0,0.0
26134.0,26134.0,26134.0,0.0
26134.0,26134.0,26134.0,0.0
26134.0,26134.0,26134.0,0.0
26134.0,26134.0,26134.0,0.0
26134.0,26134.0,26134.0,0.0
26134.0,26134.0,26134.0,0.0
26134.0,26134.0,26134.0,0.0
26134.0,26134.0,26134.0,0.0
26134.0,26134.0,26134.0,0.0
26134.0,26134.0,26134.0,0.0
26134.0,26135.0,26134.016666666666,0.12801911235218516
26134.0,26137.0,26134.133333333335,0.4642794734409633
26134.0,26137.0,26134.55,0.8836477598755174
26134.0,26138.0,26135.783333333333,1.198494409754212
26135.0,26138.0,26136.916666666668,0.6400954686425655
26137.0,26138.0,26137.433333333334,0.49553558909293105
26137.0,26138.0,26137.816666666666,0.3869395540824029
26137.0,26138.0,26137.95,0.21794497999521517
26138.0,26138.0,26138.0,0.0
26138.0,26138.0,26138.0,0.0
26138.0,26138.0,26138.0,0.0
26138.0,26138.0,26138.0,0.0
26138.0,26138.0,26138.0,0.0
26138.0,26138.0,26138.0,0.0
26138.0,26138.0,26138.0,0.0
26138.0,26138.0,26138.0,0.0
26138.0,26138.0,26138.0,0.0
26138.0,26138.0,26138.0,0.0
26138.0,26138.0,26138.0,0.0
26138.0,26238.0,26139.666666666668,12.801909577711717
26138.0,26238.0,26144.666666666668,24.944382578227444
26138.0,26238.0,26174.666666666668,48.18944098253244
26137.0,26238.0,26219.65,38.729327818993724
26238.0,26238.0,26238.0,0.0
26238.0,26238.0,26238.0,0.0
26238.0,26238.0,26238.0,0.0
26238.0,26238.0,26238.0,0.0
26238.0,26238.0,26238.0,0.0
26238.0,26240.0,26238.033333333333,0.2560382247043703
26238.0,26240.0,26238.166666666668,0.41499669475847806
26238.0,26240.0,26238.483333333334,0.5913732038207384
26238.0,26240.0,26239.083333333332,0.6656242406419891
26238.0,26240.0,26239.6,0.5228128834305182
26239.0,26240.0,26239.95,0.2179447065102183
26238.0,26240.0,26239.966666666667,0.2560382247043703
26240.0,26240.0,26240.0,0.0
26240.0,26240.0,26240.0,0.0
26240.0,26240.0,26240.0,0.0
26240.0,26240.0,26240.0,0.0
26240.0,26240.0,26240.0,0.0
26238.0,26240.0,26239.966666666667,0.2560382247043703
26239.0,26240.0,26239.983333333334,0.12801911235218516
26240.0,26240.0,26240.0,0.0
26240.0,26240.0,26240.0,0.0
26240.0,26240.0,26240.0,0.0
26240.0,26240.0,26240.0,0.0
26240.0,26240.0,26240.0,0.0
26240.0,26240.0,26240.0,0.0
26240.0,26240.0,26240.0,0.0
26240.0,26240.0,26240.0,0.0
26240.0,26240.0,26240.0,0.0
26240.0,26240.0,26240.0,0.0
26240.0,26240.0,26240.0,0.0
26240.0,26240.0,26240.0,0.0
26240.0,26240.0,26240.0,0.0
26240.0,26240.0,26240.0,0.0
26240.0,26240.0,26240.0,0.0
26240.0,26240.0,26240.0,0.0
26141.0,26240.0,26238.35,12.673890486240618
26239.0,26240.0,26239.983333333334,0.12801911235218516
26240.0,26240.0,26240.0,0.0
26240.0,26240.0,26240.0,0.0
26240.0,26240.0,26240.0,0.0
26240.0,26240.0,26240.0,0.0
26240.0,26240.0,26240.0,0.0
26240.0,26240.0,26240.0,0.0
26240.0,26240.0,26240.0,0.0
26240.0,26240.0,26240.0,0.0
26240.0,26241.0,26240.016666666666,0.12801911235218516
26240.0,26241.0,26240.083333333332,0.27638551900610125
26240.0,26241.0,26240.283333333333,0.45061693287478827
26240.0,26241.0,26240.566666666666,0.49553570937619396
26240.0,26241.0,26240.866666666665,0.33993476438184334
26241.0,26241.0,26241.0,0.0
26241.0,26243.0,26241.033333333333,0.2560382247043703
26240.0,26243.0,26241.083333333332,0.4579544524320288
26241.0,26243.0,26241.4,0.7999999910593032
26241.0,26243.0,26241.966666666667,0.9994442706885147
26241.0,26243.0,26242.833333333332,0.5527708223545349
26243.0,26243.0,26243.0,0.0
26243.0,26243.0,26243.0,0.0
26243.0,26243.0,26243.0,0.0
26243.0,26243.0,26243.0,0.0
26243.0,26243.0,26243.0,0.0
26243.0,26243.0,26243.0,0.0
26243.0,26243.0,26243.0,0.0
26241.0,26243.0,26242.966666666667,0.2560379919083808
26243.0,26243.0,26243.0,0.0
26243.0,26243.0,26243.0,0.0
26243.0,26243.0,26243.0,0.0
26243.0,26243.0,26243.0,0.0
26243.0,26243.0,26243.0,0.0
26243.0,26243.0,26243.0,0.0
26243.0,26243.0,26243.0,0.0
26243.0,26243.0,26243.0,0.0
26243.0,26243.0,26243.0,0.0
26243.0,26243.0,26243.0,0.0
26243.0,26243.0,26243.0,0.0
26143.0,26243.0,26241.333333333332,12.801909582367635
26143.0,26243.0,26241.333333333332,12.801909582367635
26143.0,26243.0,26239.666666666668,17.95054935674607
26143.0,26243.0,26241.333333333332,12.801909582367635
26243.0,26243.0,26243.0,0.0
26143.0,26243.0,26234.666666666668,27.638539918669853
26143.0,26243.0,26241.333333333332,12.801909582367635
26143.0,26243.0,26241.333333333332,12.801909582367635
26243.0,26243.0,26243.0,0.0
26243.0,26243.0,26243.0,0.0
26143.0,26243.0,26239.666666666668,17.95054935674607
26143.0,26243.0,26241.333333333332,12.801909582367635
26240.0,26243.0,26242.95,0.3840573370565555
26243.0,26244.0,26243.016666666666,0.12801911235218516
26143.0,26244.0,26241.4,12.81301421552474
26143.0,26244.0,26241.533333333333,12.834155817531121
26243.0,26245.0,26243.566666666666,0.5280993664180608
26243.0,26245.0,26243.983333333334,0.3869395540824029
26244.0,26245.0,26244.2,0.3999999582767465
26243.0,26245.0,26244.416666666668,0.5857093875627034
