-1.0,26275.0,13911.05,12597.090823446764
-1.0,26296.0,15657.016666666666,12359.375908585444
-1.0,26296.0,16307.75,12417.857231456373
-1.0,26296.0,17318.183333333334,12249.914405812076
-1.0,26296.0,22266.5,9355.766876638174
-1.0,26296.0,24516.116666666665,6553.012828950428
26295.0,26296.0,26295.983333333334,0.12801911235218516
26295.0,26296.0,26295.983333333334,0.12801911235218516
26296.0,26296.0,26296.0,0.0
26296.0,26296.0,26296.0,0.0
26296.0,26296.0,26296.0,0.0
26296.0,26296.0,26296.0,0.0
26296.0,26296.0,26296.0,0.0
26296.0,26296.0,26296.0,0.0
26296.0,26296.0,26296.0,0.0
26296.0,26296.0,26296.0,0.0
26296.0,26296.0,26296.0,0.0
26296.0,26296.0,26296.0,0.0
26296.0,26297.0,26296.016666666666,0.12801911235218516
26296.0,26297.0,26296.066666666666,0.2494441050909727
26296.0,26297.0,26296.3,0.4582576111173416
26296.0,26297.0,26296.816666666666,0.386939708123602
26297.0,26297.0,26297.0,0.0
26297.0,26297.0,26297.0,0.0
26297.0,26297.0,26297.0,0.0
26297.0,26297.0,26297.0,0.0
26297.0,26297.0,26297.0,0.0
26296.0,26297.0,26296.983333333334,0.12801911235218516
26297.0,26297.0,26297.0,0.0
26297.0,26297.0,26297.0,0.0
26297.0,26297.0,26297.0,0.0
26297.0,26297.0,26297.0,0.0
26297.0,26297.0,26297.0,0.0
26297.0,26297.0,26297.0,0.0
26297.0,26297.0,26297.0,0.0
26296.0,26297.0,26296.983333333334,0.12801911235218516
26297.0,26297.0,26297.0,0.0
26297.0,26297.0,26297.0,0.0
26297.0,26297.0,26297.0,0.0
26297.0,26297.0,26297.0,0.0
26297.0,26297.0,26297.0,0.0
26297.0,26297.0,26297.0,0.0
26297.0,26297.0,26297.0,0.0
26297.0,26297.0,26297.0,0.0
26297.0,26299.0,26297.033333333333,0.2560382247043703
26297.0,26299.0,26297.066666666666,0.3590110926601226
26297.0,26299.0,26297.266666666666,0.6798692657515037
26297.0,26299.0,26297.8,0.9797959165800665
26297.0,26299.0,26298.566666666666,0.8239471566607286
26299.0,26299.0,26299.0,0.0
26299.0,26299.0,26299.0,0.0
26299.0,26299.0,26299.0,0.0
26299.0,26299.0,26299.0,0.0
26299.0,26299.0,26299.0,0.0
26299.0,26300.0,26299.016666666666,0.12801911235218516
26299.0,26300.0,26299.066666666666,0.249443866140955
26299.0,26300.0,26299.25,0.4330127018922193
26299.0,26300.0,26299.633333333335,0.48189438618851166
26298.0,26300.0,26299.933333333334,0.30912040484291325
26300.0,26300.0,26300.0,0.0
26300.0,26300.0,26300.0,0.0
26300.0,26300.0,26300.0,0.0
26300.0,26300.0,26300.0,0.0
26300.0,26300.0,26300.0,0.0
26300.0,26300.0,26300.0,0.0
26300.0,26300.0,26300.0,0.0
26300.0,26300.0,26300.0,0.0
26300.0,26300.0,26300.0,0.0
26300.0,26300.0,26300.0,0.0
26300.0,26301.0,26300.016666666666,0.12801911235218516
26300.0,26301.0,26300.033333333333,0.1795056293423027
26300.0,26301.0,26300.083333333332,0.27638551900610125
26300.0,26301.0,26300.25,0.4330127018922193
26300.0,26301.0,26300.716666666667,0.4506168006013445
26300.0,26301.0,26300.983333333334,0.12801911235218516
26300.0,26301.0,26300.983333333334,0.12801911235218516
26301.0,26301.0,26301.0,0.0
26301.0,26301.0,26301.0,0.0
26300.0,26301.0,26300.983333333334,0.12801911235218516
26301.0,26301.0,26301.0,0.0
26301.0,26301.0,26301.0,0.0
26301.0,26301.0,26301.0,0.0
26301.0,26302.0,26301.016666666666,0.12801911235218516
26301.0,26302.0,26301.016666666666,0.12801911235218516
26301.0,26302.0,26301.016666666666,0.12801911235218516
26301.0,26302.0,26301.05,0.21794497999521517
26301.0,26302.0,26301.133333333335,0.3399345890403767
26301.0,26302.0,26301.383333333335,0.4861983160484838
26301.0,26302.0,26301.833333333332,0.3726780851033127
26301.0,26302.0,26301.983333333334,0.12801911235218516
26301.0,26302.0,26301.983333333334,0.12801911235218516
26302.0,26302.0,26302.0,0.0
26302.0,26302.0,26302.0,0.0
26302.0,26302.0,26302.0,0.0
26302.0,26302.0,26302.0,0.0
26302.0,26302.0,26302.0,0.0
26302.0,26302.0,26302.0,0.0
26300.0,26302.0,26301.966666666667,0.2560382247043703
26302.0,26302.0,26302.0,0.0
26302.0,26302.0,26302.0,0.0
26302.0,26302.0,26302.0,0.0
26302.0,26302.0,26302.0,0.0
26302.0,26302.0,26302.0,0.0
26302.0,26302.0,26302.0,0.0
26302.0,26302.0,26302.0,0.0
26302.0,26302.0,26302.0,0.0
26302.0,26302.0,26302.0,0.0
26302.0,26302.0,26302.0,0.0
26302.0,26302.0,26302.0,0.0
26302.0,26302.0,26302.0,0.0
26302.0,26302.0,26302.0,0.0
26302.0,26302.0,26302.0,0.0
26301.0,26302.0,26301.983333333334,0.12801911235218516
26302.0,26302.0,26302.0,0.0
26302.0,26302.0,26302.0,0.0
26302.0,26302.0,26302.0,0.0
26302.0,26302.0,26302.0,0.0
26302.0,26302.0,26302.0,0.0
26302.0,26302.0,26302.0,0.0
26302.0,26302.0,26302.0,0.0
26302.0,26302.0,26302.0,0.0
26302.0,26302.0,26302.0,0.0
26302.0,26302.0,26302.0,0.0
26302.0,26302.0,26302.0,0.0
26302.0,26302.0,26302.0,0.0
26302.0,26302.0,26302.0,0.0
26302.0,26302.0,26302.0,0.0
26302.0,26302.0,26302.0,0.0
26302.0,26302.0,26302.0,0.0
26302.0,26302.0,26302.0,0.0
26302.0,26302.0,26302.0,0.0
26302.0,26302.0,26302.0,0.0
26302.0,26302.0,26302.0,0.0
26302.0,26302.0,26302.0,0.0
26302.0,26302.0,26302.0,0.0
26302.0,26302.0,26302.0,0.0
26302.0,26302.0,26302.0,0.0
26302.0,26302.0,26302.0,0.0
26302.0,26302.0,26302.0,0.0
26302.0,26302.0,26302.0,0.0
26302.0,26302.0,26302.0,0.0
26302.0,26302.0,26302.0,0.0
26302.0,26302.0,26302.0,0.0
26302.0,26303.0,26302.016666666666,0.12801911235218516
26302.0,26303.0,26302.033333333333,0.1795056293423027
26302.0,26303.0,26302.1,0.30000005563099663
26302.0,26303.0,26302.333333333332,0.47140463318261433
26302.0,26303.0,26302.716666666667,0.4506168006013445
26302.0,26303.0,26302.966666666667,0.1795052972931067
