-1.0,25688.0,14876.8,11172.851614217981
-1.0,25688.0,13725.65,12069.251826887752
-1.0,25690.0,18372.733333333334,11105.609214666654
-1.0,25776.0,24591.15,4601.919823381674
-1.0,25776.0,24375.266666666666,5593.0552052423855
25588.0,25776.0,25697.466666666667,31.340850161573666
25476.0,25779.0,25714.033333333333,57.739635914377104
25679.0,25779.0,25744.4,42.34509022974141
25690.0,25779.0,25775.8,11.242478966662526
25776.0,25779.0,25778.466666666667,0.9030811549964741
25778.0,25779.0,25778.966666666667,0.1795052972931067
25779.0,25779.0,25779.0,0.0
25779.0,25779.0,25779.0,0.0
25779.0,25779.0,25779.0,0.0
25779.0,25779.0,25779.0,0.0
25779.0,25779.0,25779.0,0.0
25779.0,25779.0,25779.0,0.0
25779.0,25779.0,25779.0,0.0
25777.0,25779.0,25778.966666666667,0.2560382247043703
25779.0,25779.0,25779.0,0.0
25779.0,25779.0,25779.0,0.0
25779.0,25779.0,25779.0,0.0
25779.0,25779.0,25779.0,0.0
25779.0,25779.0,25779.0,0.0
25779.0,25779.0,25779.0,0.0
25779.0,25779.0,25779.0,0.0
25779.0,25779.0,25779.0,0.0
25779.0,25779.0,25779.0,0.0
25779.0,25779.0,25779.0,0.0
25779.0,25779.0,25779.0,0.0
25779.0,25779.0,25779.0,0.0
25779.0,25779.0,25779.0,0.0
25779.0,25779.0,25779.0,0.0
25779.0,25779.0,25779.0,0.0
25779.0,25779.0,25779.0,0.0
25779.0,25779.0,25779.0,0.0
25779.0,25779.0,25779.0,0.0
25779.0,25779.0,25779.0,0.0
25779.0,25779.0,25779.0,0.0
25779.0,25779.0,25779.0,0.0
25779.0,25779.0,25779.0,0.0
25779.0,25779.0,25779.0,0.0
25779.0,25779.0,25779.0,0.0
25779.0,25779.0,25779.0,0.0
25779.0,25779.0,25779.0,0.0
25779.0,25779.0,25779.0,0.0
25779.0,25779.0,25779.0,0.0
25779.0,25779.0,25779.0,0.0
25779.0,25779.0,25779.0,0.0
25779.0,25779.0,25779.0,0.0
25779.0,25779.0,25779.0,0.0
25779.0,25779.0,25779.0,0.0
25779.0,25779.0,25779.0,0.0
25779.0,25779.0,25779.0,0.0
25778.0,25779.0,25778.983333333334,0.12801911235218516
25779.0,25779.0,25779.0,0.0
25779.0,25779.0,25779.0,0.0
25779.0,25779.0,25779.0,0.0
25779.0,25779.0,25779.0,0.0
25779.0,25779.0,25779.0,0.0
25779.0,25779.0,25779.0,0.0
25779.0,25779.0,25779.0,0.0
25779.0,25779.0,25779.0,0.0
25779.0,25779.0,25779.0,0.0
25779.0,25779.0,25779.0,0.0
25779.0,25779.0,25779.0,0.0
25779.0,25779.0,25779.0,0.0
25779.0,25779.0,25779.0,0.0
25779.0,25779.0,25779.0,0.0
25779.0,25779.0,25779.0,0.0
25779.0,25779.0,25779.0,0.0
25779.0,25779.0,25779.0,0.0
25779.0,25779.0,25779.0,0.0
25779.0,25779.0,25779.0,0.0
25779.0,25779.0,25779.0,0.0
25779.0,25779.0,25779.0,0.0
25779.0,25779.0,25779.0,0.0
25779.0,25779.0,25779.0,0.0
25779.0,25779.0,25779.0,0.0
25779.0,25779.0,25779.0,0.0
25779.0,25779.0,25779.0,0.0
25779.0,25779.0,25779.0,0.0
25779.0,25779.0,25779.0,0.0
25779.0,25779.0,25779.0,0.0
25779.0,25779.0,25779.0,0.0
25779.0,25779.0,25779.0,0.0
25779.0,25779.0,25779.0,0.0
25779.0,25779.0,25779.0,0.0
25779.0,25779.0,25779.0,0.0
25779.0,25779.0,25779.0,0.0
25779.0,25779.0,25779.0,0.0
25779.0,25779.0,25779.0,0.0
25779.0,25779.0,25779.0,0.0
25779.0,25779.0,25779.0,0.0
25778.0,25779.0,25778.983333333334,0.12801911235218516
25779.0,25779.0,25779.0,0.0
25779.0,25780.0,25779.016666666666,0.12801957794310587
25779.0,25780.0,25779.033333333333,0.1795056293423027
25779.0,25780.0,25779.15,0.3570713346254071
25779.0,25780.0,25779.483333333334,0.4997220458875685
25779.0,25780.0,25779.866666666665,0.33993476438184334
25780.0,25780.0,25780.0,0.0
25780.0,25780.0,25780.0,0.0
25778.0,25780.0,25779.966666666667,0.2560379919083808
25780.0,25780.0,25780.0,0.0
25780.0,25780.0,25780.0,0.0
25780.0,25780.0,25780.0,0.0
25780.0,25780.0,25780.0,0.0
25780.0,25780.0,25780.0,0.0
25780.0,25780.0,25780.0,0.0
25780.0,25780.0,25780.0,0.0
25780.0,25780.0,25780.0,0.0
25780.0,25780.0,25780.0,0.0
25780.0,25780.0,25780.0,0.0
25780.0,25780.0,25780.0,0.0
25780.0,25780.0,25780.0,0.0
25780.0,25780.0,25780.0,0.0
25780.0,25780.0,25780.0,0.0
25780.0,25780.0,25780.0,0.0
25780.0,25780.0,25780.0,0.0
25780.0,25780.0,25780.0,0.0
25780.0,25780.0,25780.0,0.0
25780.0,25780.0,25780.0,0.0
25780.0,25780.0,25780.0,0.0
25780.0,25780.0,25780.0,0.0
25780.0,25780.0,25780.0,0.0
25780.0,25780.0,25780.0,0.0
25780.0,25780.0,25780.0,0.0
25780.0,25780.0,25780.0,0.0
25780.0,25780.0,25780.0,0.0
25780.0,25780.0,25780.0,0.0
25780.0,25780.0,25780.0,0.0
25780.0,25780.0,25780.0,0.0
25780.0,25780.0,25780.0,0.0
25780.0,25780.0,25780.0,0.0
25780.0,25780.0,25780.0,0.0
25780.0,25780.0,25780.0,0.0
25780.0,25780.0,25780.0,0.0
25780.0,25780.0,25780.0,0.0
25780.0,25780.0,25780.0,0.0
25780.0,25780.0,25780.0,0.0
25780.0,25780.0,25780.0,0.0
25780.0,25780.0,25780.0,0.0
25780.0,25780.0,25780.0,0.0
25780.0,25780.0,25780.0,0.0
25780.0,25780.0,25780.0,0.0
25779.0,25780.0,25779.983333333334,0.12801864675957114
25780.0,25780.0,25780.0,0.0
25780.0,25780.0,25780.0,0.0
