-1.0,26316.0,16534.2,11027.053682950247
-1.0,26316.0,17237.083333333332,11753.223434859148
-1.0,26316.0,22651.316666666666,8241.14006977932
-1.0,27300.0,23299.683333333334,7773.550215295593
-1.0,29319.0,24046.633333333335,7271.013998443095
-1.0,29338.0,25066.3,6764.753839571704
-1.0,29338.0,25923.866666666665,7027.011172294778
-1.0,29338.0,28108.7,3807.6748692607625
-1.0,29338.0,28833.816666666666,3753.9830202584844
29319.0,29338.0,29329.266666666666,9.343209062821149
29338.0,29338.0,29338.0,0.0
29338.0,29338.0,29338.0,0.0
29338.0,29338.0,29338.0,0.0
29338.0,29338.0,29338.0,0.0
29338.0,29338.0,29338.0,0.0
29338.0,29338.0,29338.0,0.0
29338.0,29338.0,29338.0,0.0
29338.0,29338.0,29338.0,0.0
29338.0,29338.0,29338.0,0.0
29338.0,29338.0,29338.0,0.0
29338.0,29338.0,29338.0,0.0
29338.0,29338.0,29338.0,0.0
29338.0,29338.0,29338.0,0.0
29338.0,29338.0,29338.0,0.0
29338.0,29339.0,29338.016666666666,0.12801911235218516
29338.0,29339.0,29338.05,0.21794497999521517
29338.0,29339.0,29338.2,0.3999999582767465
29338.0,29339.0,29338.516666666666,0.4997221651631501
29338.0,29339.0,29338.933333333334,0.249443866140955
29339.0,29339.0,29339.0,0.0
29339.0,29339.0,29339.0,0.0
29339.0,29339.0,29339.0,0.0
29339.0,29339.0,29339.0,0.0
29339.0,29339.0,29339.0,0.0
29339.0,29340.0,29339.016666666666,0.12801911235218516
29339.0,29340.0,29339.033333333333,0.1795056293423027
29339.0,29340.0,29339.083333333332,0.27638551900610125
29339.0,29340.0,29339.2,0.3999999582767465
29339.0,29340.0,29339.566666666666,0.49553558909293105
29338.0,29340.0,29339.866666666665,0.3858613035528813
29340.0,29341.0,29340.016666666666,0.12801911235218516
29340.0,29341.0,29340.1,0.3000002543130432
29340.0,29341.0,29340.433333333334,0.49553546880963895
29340.0,29341.0,29340.783333333333,0.4119735421601762
29341.0,29341.0,29341.0,0.0
29341.0,29341.0,29341.0,0.0
29341.0,29341.0,29341.0,0.0
29341.0,29341.0,29341.0,0.0
29341.0,29341.0,29341.0,0.0
29341.0,29341.0,29341.0,0.0
29341.0,29341.0,29341.0,0.0
29341.0,29341.0,29341.0,0.0
29341.0,29341.0,29341.0,0.0
29341.0,29341.0,29341.0,0.0
29341.0,29341.0,29341.0,0.0
29341.0,29341.0,29341.0,0.0
29341.0,29341.0,29341.0,0.0
29341.0,29341.0,29341.0,0.0
29341.0,29341.0,29341.0,0.0
29341.0,29341.0,29341.0,0.0
29341.0,29341.0,29341.0,0.0
29341.0,29341.0,29341.0,0.0
29341.0,29341.0,29341.0,0.0
29341.0,29341.0,29341.0,0.0
29341.0,29341.0,29341.0,0.0
29341.0,29341.0,29341.0,0.0
29341.0,29341.0,29341.0,0.0
29341.0,29341.0,29341.0,0.0
29341.0,29342.0,29341.016666666666,0.12801911235218516
29341.0,29342.0,29341.033333333333,0.1795056293423027
29340.0,29342.0,29341.116666666665,0.36930883702546646
29341.0,29342.0,29341.416666666668,0.49300655455806996
29341.0,29342.0,29341.75,0.4330127018922193
29342.0,29342.0,29342.0,0.0
29342.0,29342.0,29342.0,0.0
29342.0,29342.0,29342.0,0.0
29342.0,29342.0,29342.0,0.0
29342.0,29342.0,29342.0,0.0
29341.0,29342.0,29341.983333333334,0.12801911235218516
29341.0,29342.0,29341.983333333334,0.12801911235218516
29342.0,29342.0,29342.0,0.0
29342.0,29342.0,29342.0,0.0
29342.0,29342.0,29342.0,0.0
29342.0,29342.0,29342.0,0.0
29342.0,29342.0,29342.0,0.0
29342.0,29342.0,29342.0,0.0
29342.0,29342.0,29342.0,0.0
29342.0,29342.0,29342.0,0.0
29342.0,29342.0,29342.0,0.0
29342.0,29342.0,29342.0,0.0
29342.0,29342.0,29342.0,0.0
29342.0,29342.0,29342.0,0.0
29342.0,29342.0,29342.0,0.0
29341.0,29342.0,29341.983333333334,0.12801911235218516
29341.0,29343.0,29342.0,0.25819899747611036
29342.0,29343.0,29342.066666666666,0.2494441050909727
29342.0,29343.0,29342.216666666667,0.4119735421601762
29342.0,29343.0,29342.716666666667,0.45061693287478827
29342.0,29343.0,29342.983333333334,0.12801911235218516
29343.0,29343.0,29343.0,0.0
29343.0,29343.0,29343.0,0.0
29342.0,29343.0,29342.983333333334,0.12801911235218516
29343.0,29343.0,29343.0,0.0
29343.0,29343.0,29343.0,0.0
29343.0,29343.0,29343.0,0.0
29343.0,29343.0,29343.0,0.0
29343.0,29343.0,29343.0,0.0
29343.0,29343.0,29343.0,0.0
29343.0,29343.0,29343.0,0.0
29343.0,29343.0,29343.0,0.0
29343.0,29343.0,29343.0,0.0
29343.0,29343.0,29343.0,0.0
29343.0,29343.0,29343.0,0.0
29343.0,29343.0,29343.0,0.0
29343.0,29343.0,29343.0,0.0
29343.0,29343.0,29343.0,0.0
29343.0,29343.0,29343.0,0.0
29343.0,29343.0,29343.0,0.0
29343.0,29343.0,29343.0,0.0
29343.0,29343.0,29343.0,0.0
29343.0,29343.0,29343.0,0.0
29343.0,29343.0,29343.0,0.0
29343.0,29343.0,29343.0,0.0
29342.0,29343.0,29342.983333333334,0.12801911235218516
29343.0,29343.0,29343.0,0.0
29343.0,29343.0,29343.0,0.0
29343.0,29343.0,29343.0,0.0
29343.0,29343.0,29343.0,0.0
29343.0,29343.0,29343.0,0.0
29343.0,29343.0,29343.0,0.0
29343.0,29343.0,29343.0,0.0
29343.0,29343.0,29343.0,0.0
29343.0,29343.0,29343.0,0.0
29343.0,29343.0,29343.0,0.0
29343.0,29343.0,29343.0,0.0
29343.0,29343.0,29343.0,0.0
29342.0,29343.0,29342.983333333334,0.12801911235218516
29343.0,29343.0,29343.0,0.0
29343.0,29343.0,29343.0,0.0
29343.0,29343.0,29343.0,0.0
29343.0,29343.0,29343.0,0.0
29343.0,29343.0,29343.0,0.0
29343.0,29343.0,29343.0,0.0
29343.0,29343.0,29343.0,0.0
29343.0,29343.0,29343.0,0.0
29343.0,29343.0,29343.0,0.0
29343.0,29343.0,29343.0,0.0
29343.0,29343.0,29343.0,0.0
29343.0,29343.0,29343.0,0.0
