-1.0,26060.0,15717.916666666666,11694.403492399924
-1.0,26162.0,18523.25,11239.012754130143
-1.0,26162.0,22749.533333333333,8302.395394235462
26060.0,26162.0,26075.3,36.421284987074145
26060.0,26162.0,26100.8,49.74729473340241
26060.0,26380.0,26151.9,48.28723088475107
26162.0,26380.0,26183.783333333333,57.65850375766362
26073.0,26380.0,26242.416666666668,94.02363030382587
26073.0,26380.0,26326.0,81.41621460141612
26073.0,26380.0,26364.6,55.027023664366624
26380.0,26380.0,26380.0,0.0
26380.0,26380.0,26380.0,0.0
26380.0,26380.0,26380.0,0.0
26380.0,26380.0,26380.0,0.0
26380.0,26380.0,26380.0,0.0
26380.0,26380.0,26380.0,0.0
26380.0,26381.0,26380.016666666666,0.12801911235218516
26380.0,26381.0,26380.05,0.21794497999521517
26380.0,26381.0,26380.133333333335,0.33993441369881966
26380.0,26383.0,26380.483333333334,0.5913732038207384
26380.0,26383.0,26380.966666666667,0.44596961544012503
26381.0,26383.0,26381.216666666667,0.5193478827162583
26381.0,26383.0,26381.8,0.74833143912276
26381.0,26383.0,26382.433333333334,0.6155394751303328
26382.0,26383.0,26382.85,0.3570715015518026
26383.0,26383.0,26383.0,0.0
26383.0,26383.0,26383.0,0.0
26383.0,26383.0,26383.0,0.0
26383.0,26385.0,26383.033333333333,0.2560382247043703
26383.0,26385.0,26383.1,0.43588995999043034
26383.0,26385.0,26383.4,0.7999999910593032
26383.0,26385.0,26384.316666666666,0.9397104271799285
26383.0,26385.0,26384.966666666667,0.2560382247043703
26385.0,26386.0,26385.016666666666,0.12801911235218516
26385.0,26386.0,26385.033333333333,0.1795056293423027
26385.0,26386.0,26385.166666666668,0.3726779251672715
26385.0,26386.0,26385.45,0.4974937808544249
26385.0,26386.0,26385.9,0.2999998569488184
26386.0,26386.0,26386.0,0.0
26386.0,26386.0,26386.0,0.0
26386.0,26386.0,26386.0,0.0
26386.0,26386.0,26386.0,0.0
26386.0,26386.0,26386.0,0.0
26386.0,26386.0,26386.0,0.0
26386.0,26386.0,26386.0,0.0
26386.0,26386.0,26386.0,0.0
26386.0,26386.0,26386.0,0.0
26386.0,26386.0,26386.0,0.0
26386.0,26386.0,26386.0,0.0
26386.0,26386.0,26386.0,0.0
26386.0,26386.0,26386.0,0.0
26386.0,26387.0,26386.016666666666,0.12801911235218516
26386.0,26387.0,26386.033333333333,0.1795056293423027
26386.0,26387.0,26386.116666666665,0.32102292061613463
26386.0,26387.0,26386.283333333333,0.45061693287478827
26386.0,26387.0,26386.766666666666,0.42295247695221005
26386.0,26387.0,26386.983333333334,0.12801911235218516
26387.0,26387.0,26387.0,0.0
26387.0,26387.0,26387.0,0.0
26387.0,26387.0,26387.0,0.0
26387.0,26387.0,26387.0,0.0
26387.0,26387.0,26387.0,0.0
26385.0,26387.0,26386.966666666667,0.2560379919083808
26387.0,26387.0,26387.0,0.0
26387.0,26387.0,26387.0,0.0
26386.0,26387.0,26386.983333333334,0.12801911235218516
26386.0,26387.0,26386.983333333334,0.12801911235218516
26387.0,26387.0,26387.0,0.0
26387.0,26387.0,26387.0,0.0
26387.0,26387.0,26387.0,0.0
26387.0,26387.0,26387.0,0.0
26386.0,26387.0,26386.983333333334,0.12801911235218516
26387.0,26387.0,26387.0,0.0
26387.0,26387.0,26387.0,0.0
26387.0,26387.0,26387.0,0.0
26387.0,26387.0,26387.0,0.0
26387.0,26387.0,26387.0,0.0
26387.0,26387.0,26387.0,0.0
26387.0,26387.0,26387.0,0.0
26387.0,26387.0,26387.0,0.0
26387.0,26387.0,26387.0,0.0
26387.0,26387.0,26387.0,0.0
26386.0,26387.0,26386.983333333334,0.12801911235218516
26387.0,26387.0,26387.0,0.0
26387.0,26388.0,26387.016666666666,0.12801911235218516
26387.0,26388.0,26387.116666666665,0.32102292061613463
26387.0,26388.0,26387.433333333334,0.49553558909293105
26387.0,26388.0,26387.866666666665,0.33993476438184334
26388.0,26388.0,26388.0,0.0
26388.0,26388.0,26388.0,0.0
26388.0,26388.0,26388.0,0.0
26388.0,26388.0,26388.0,0.0
26388.0,26388.0,26388.0,0.0
26388.0,26388.0,26388.0,0.0
26388.0,26388.0,26388.0,0.0
26388.0,26388.0,26388.0,0.0
26388.0,26388.0,26388.0,0.0
26388.0,26388.0,26388.0,0.0
26388.0,26388.0,26388.0,0.0
26388.0,26388.0,26388.0,0.0
26388.0,26388.0,26388.0,0.0
26388.0,26388.0,26388.0,0.0
26388.0,26388.0,26388.0,0.0
26388.0,26388.0,26388.0,0.0
26388.0,26388.0,26388.0,0.0
26388.0,26388.0,26388.0,0.0
26388.0,26388.0,26388.0,0.0
26388.0,26388.0,26388.0,0.0
26388.0,26388.0,26388.0,0.0
26388.0,26388.0,26388.0,0.0
26388.0,26388.0,26388.0,0.0
26388.0,26388.0,26388.0,0.0
26388.0,26388.0,26388.0,0.0
26388.0,26388.0,26388.0,0.0
26388.0,26389.0,26388.016666666666,0.12801911235218516
26388.0,26389.0,26388.05,0.21794497999521517
26388.0,26389.0,26388.183333333334,0.3869394000411424
26388.0,26389.0,26388.483333333334,0.4997221651631501
26388.0,26389.0,26388.883333333335,0.32102236360266934
26389.0,26389.0,26389.0,0.0
26389.0,26389.0,26389.0,0.0
26389.0,26389.0,26389.0,0.0
26389.0,26389.0,26389.0,0.0
26389.0,26389.0,26389.0,0.0
26389.0,26389.0,26389.0,0.0
26389.0,26389.0,26389.0,0.0
26389.0,26390.0,26389.016666666666,0.12801911235218516
26389.0,26390.0,26389.05,0.21794525347986887
26389.0,26390.0,26389.133333333335,0.3399345890403767
26389.0,26391.0,26389.35,0.51071849644056
26389.0,26391.0,26389.8,0.4396969267289435
26389.0,26391.0,26390.033333333333,0.2560382247043703
26390.0,26391.0,26390.183333333334,0.3869394000411424
26390.0,26391.0,26390.416666666668,0.49300667545836413
26390.0,26391.0,26390.833333333332,0.3726780851033127
26390.0,26391.0,26390.983333333334,0.12801911235218516
26391.0,26391.0,26391.0,0.0
26391.0,26391.0,26391.0,0.0
26391.0,26391.0,26391.0,0.0
26391.0,26391.0,26391.0,0.0
26391.0,26391.0,26391.0,0.0
26391.0,26391.0,26391.0,0.0
26391.0,26391.0,26391.0,0.0
26391.0,26391.0,26391.0,0.0
26391.0,26391.0,26391.0,0.0
26391.0,26391.0,26391.0,0.0
26391.0,26391.0,26391.0,0.0
26391.0,26391.0,26391.0,0.0
26391.0,26391.0,26391.0,0.0
