-1.0,25877.0,15495.466666666667,11891.415750401164
-1.0,25877.0,18674.516666666666,11270.863431124322
-1.0,25877.0,17162.683333333334,12137.040035214057
-1.0,25914.0,20656.466666666667,10329.054896208503
-1.0,25914.0,22421.733333333334,8794.954570408856
-1.0,25914.0,25016.866666666665,4645.710356399295
-1.0,25914.0,21570.183333333334,9646.935906444878
-1.0,25914.0,20713.133333333335,10357.07928820776
-1.0,25914.0,20726.066666666666,10363.540672097653
-1.0,25914.0,25047.25,4651.364780452434
25914.0,25914.0,25914.0,0.0
25914.0,25914.0,25914.0,0.0
25914.0,25914.0,25914.0,0.0
25914.0,25914.0,25914.0,0.0
25914.0,25914.0,25914.0,0.0
25914.0,25914.0,25914.0,0.0
25914.0,25914.0,25914.0,0.0
25914.0,25914.0,25914.0,0.0
25914.0,25914.0,25914.0,0.0
25914.0,25917.0,25914.05,0.3840573370565555
25914.0,25917.0,25914.2,0.7483315187728168
25914.0,25917.0,25914.5,1.087811232568561
25914.0,25917.0,25915.616666666665,1.317721154473495
25914.0,25917.0,25916.616666666665,0.7977399432804544
25917.0,25917.0,25917.0,0.0
25917.0,25917.0,25917.0,0.0
25917.0,25917.0,25917.0,0.0
25917.0,25917.0,25917.0,0.0
25917.0,25917.0,25917.0,0.0
25917.0,25917.0,25917.0,0.0
25916.0,25917.0,25916.983333333334,0.12801911235218516
25917.0,25917.0,25917.0,0.0
25917.0,25917.0,25917.0,0.0
25917.0,25917.0,25917.0,0.0
25917.0,25917.0,25917.0,0.0
25917.0,25917.0,25917.0,0.0
25917.0,25917.0,25917.0,0.0
25917.0,25917.0,25917.0,0.0
25917.0,25917.0,25917.0,0.0
25917.0,25917.0,25917.0,0.0
25917.0,25917.0,25917.0,0.0
25817.0,25917.0,25915.333333333332,12.801909582367635
25917.0,25917.0,25917.0,0.0
25917.0,25917.0,25917.0,0.0
25917.0,25917.0,25917.0,0.0
25917.0,25917.0,25917.0,0.0
25917.0,25917.0,25917.0,0.0
25917.0,25917.0,25917.0,0.0
25917.0,25917.0,25917.0,0.0
25917.0,25917.0,25917.0,0.0
25917.0,25917.0,25917.0,0.0
25917.0,25917.0,25917.0,0.0
25914.0,25917.0,25916.933333333334,0.4027682537107469
25917.0,25917.0,25917.0,0.0
25917.0,25917.0,25917.0,0.0
25917.0,25917.0,25917.0,0.0
25917.0,25917.0,25917.0,0.0
25917.0,25917.0,25917.0,0.0
25917.0,25917.0,25917.0,0.0
25917.0,25917.0,25917.0,0.0
25917.0,25917.0,25917.0,0.0
25917.0,25917.0,25917.0,0.0
25916.0,25917.0,25916.983333333334,0.12801911235218516
25917.0,25917.0,25917.0,0.0
25917.0,25917.0,25917.0,0.0
25917.0,25917.0,25917.0,0.0
25917.0,25917.0,25917.0,0.0
25917.0,25917.0,25917.0,0.0
25917.0,25917.0,25917.0,0.0
25917.0,25917.0,25917.0,0.0
25917.0,25917.0,25917.0,0.0
25917.0,25917.0,25917.0,0.0
25917.0,25917.0,25917.0,0.0
25917.0,25917.0,25917.0,0.0
25917.0,25917.0,25917.0,0.0
25917.0,25917.0,25917.0,0.0
25818.0,25917.0,25915.35,12.673890486240618
25917.0,25917.0,25917.0,0.0
25917.0,25917.0,25917.0,0.0
25917.0,25917.0,25917.0,0.0
25917.0,25917.0,25917.0,0.0
25917.0,25917.0,25917.0,0.0
25917.0,25917.0,25917.0,0.0
25917.0,25917.0,25917.0,0.0
25917.0,25917.0,25917.0,0.0
25917.0,25917.0,25917.0,0.0
25917.0,25917.0,25917.0,0.0
25917.0,25917.0,25917.0,0.0
25917.0,25917.0,25917.0,0.0
25917.0,25917.0,25917.0,0.0
25917.0,25917.0,25917.0,0.0
25917.0,25917.0,25917.0,0.0
25917.0,25917.0,25917.0,0.0
25917.0,25917.0,25917.0,0.0
25917.0,25917.0,25917.0,0.0
25917.0,25917.0,25917.0,0.0
25917.0,25917.0,25917.0,0.0
25917.0,25917.0,25917.0,0.0
25917.0,25917.0,25917.0,0.0
25917.0,25917.0,25917.0,0.0
25917.0,25917.0,25917.0,0.0
25917.0,25917.0,25917.0,0.0
25917.0,25917.0,25917.0,0.0
25917.0,25917.0,25917.0,0.0
25917.0,25917.0,25917.0,0.0
25917.0,25917.0,25917.0,0.0
25917.0,25917.0,25917.0,0.0
25917.0,25917.0,25917.0,0.0
25917.0,25917.0,25917.0,0.0
25917.0,25917.0,25917.0,0.0
25917.0,25917.0,25917.0,0.0
25917.0,25917.0,25917.0,0.0
25917.0,25917.0,25917.0,0.0
25917.0,25917.0,25917.0,0.0
25917.0,25917.0,25917.0,0.0
25917.0,25917.0,25917.0,0.0
25917.0,25917.0,25917.0,0.0
25917.0,25917.0,25917.0,0.0
25917.0,25917.0,25917.0,0.0
25917.0,25917.0,25917.0,0.0
25917.0,25917.0,25917.0,0.0
25917.0,25917.0,25917.0,0.0
25917.0,25917.0,25917.0,0.0
25917.0,25917.0,25917.0,0.0
25917.0,25917.0,25917.0,0.0
25917.0,25917.0,25917.0,0.0
25917.0,25917.0,25917.0,0.0
25917.0,25917.0,25917.0,0.0
25917.0,25918.0,25917.016666666666,0.12801911235218516
25917.0,25918.0,25917.066666666666,0.249443866140955
25917.0,25918.0,25917.216666666667,0.4119735421601762
25917.0,25918.0,25917.483333333334,0.4997221651631501
25917.0,25919.0,25917.866666666665,0.4268751179595829
25917.0,25919.0,25918.1,0.43588995999043034
25918.0,25919.0,25918.483333333334,0.4997220458875685
25918.0,25919.0,25918.85,0.35707166847812016
25918.0,25920.0,25919.0,0.25819899747611036
25917.0,25920.0,25919.083333333332,0.4199868795071221
25919.0,25922.0,25919.483333333334,0.5913732038207384
25919.0,25922.0,25919.966666666667,0.5763872164455596
25920.0,25922.0,25920.3,0.7141429196404221
25919.0,25923.0,25920.766666666666,1.2023125915257622
25919.0,25923.0,25921.55,1.2439855841264418
25920.0,25923.0,25922.666666666668,0.5676461165279949
25923.0,25923.0,25923.0,0.0
25923.0,25923.0,25923.0,0.0
25923.0,25923.0,25923.0,0.0
25923.0,25923.0,25923.0,0.0
25923.0,25923.0,25923.0,0.0
