-1.0,25402.0,14752.533333333333,12081.576001591111
-1.0,25470.0,20538.066666666666,9740.978978635683
-1.0,25470.0,21964.25,8617.23459435605
-1.0,25490.0,23720.15,6339.842997070193
-1.0,25490.0,24597.366666666665,4567.9511306736185
25402.0,25490.0,25470.983333333334,21.912318960313478
25470.0,25490.0,25485.5,7.3880534224564025
25477.0,25490.0,25489.35,2.8332843402291785
25490.0,25490.0,25490.0,0.0
25490.0,25490.0,25490.0,0.0
25490.0,25490.0,25490.0,0.0
25489.0,25491.0,25490.0,0.1825740987768787
25489.0,25491.0,25490.05,0.2843122140510213
25490.0,25491.0,25490.15,0.3570713346254071
25490.0,25491.0,25490.483333333334,0.4997221651631501
25490.0,25491.0,25490.883333333335,0.3210225492739318
25491.0,25491.0,25491.0,0.0
25491.0,25491.0,25491.0,0.0
25491.0,25491.0,25491.0,0.0
25491.0,25491.0,25491.0,0.0
25491.0,25491.0,25491.0,0.0
25491.0,25491.0,25491.0,0.0
25491.0,25491.0,25491.0,0.0
25491.0,25491.0,25491.0,0.0
25491.0,25491.0,25491.0,0.0
25491.0,25491.0,25491.0,0.0
25491.0,25491.0,25491.0,0.0
25491.0,25491.0,25491.0,0.0
25491.0,25491.0,25491.0,0.0
25491.0,25491.0,25491.0,0.0
25491.0,25491.0,25491.0,0.0
25491.0,25491.0,25491.0,0.0
25491.0,25491.0,25491.0,0.0
25491.0,25491.0,25491.0,0.0
25491.0,25491.0,25491.0,0.0
25490.0,25491.0,25490.983333333334,0.12801911235218516
25491.0,25491.0,25491.0,0.0
25491.0,25491.0,25491.0,0.0
25488.0,25491.0,25490.95,0.38405718185926835
25491.0,25491.0,25491.0,0.0
25491.0,25491.0,25491.0,0.0
25491.0,25491.0,25491.0,0.0
25491.0,25491.0,25491.0,0.0
25491.0,25491.0,25491.0,0.0
25491.0,25491.0,25491.0,0.0
25491.0,25491.0,25491.0,0.0
25491.0,25491.0,25491.0,0.0
25491.0,25491.0,25491.0,0.0
25491.0,25491.0,25491.0,0.0
25491.0,25491.0,25491.0,0.0
25491.0,25491.0,25491.0,0.0
25491.0,25491.0,25491.0,0.0
25491.0,25491.0,25491.0,0.0
25491.0,25491.0,25491.0,0.0
25491.0,25491.0,25491.0,0.0
25491.0,25491.0,25491.0,0.0
25491.0,25491.0,25491.0,0.0
25491.0,25491.0,25491.0,0.0
25491.0,25491.0,25491.0,0.0
25491.0,25491.0,25491.0,0.0
25491.0,25491.0,25491.0,0.0
25491.0,25491.0,25491.0,0.0
25491.0,25491.0,25491.0,0.0
25491.0,25491.0,25491.0,0.0
25491.0,25491.0,25491.0,0.0
25491.0,25491.0,25491.0,0.0
25491.0,25491.0,25491.0,0.0
25491.0,25491.0,25491.0,0.0
25491.0,25491.0,25491.0,0.0
25491.0,25491.0,25491.0,0.0
25491.0,25491.0,25491.0,0.0
25491.0,25491.0,25491.0,0.0
25491.0,25491.0,25491.0,0.0
25491.0,25491.0,25491.0,0.0
25491.0,25491.0,25491.0,0.0
25491.0,25491.0,25491.0,0.0
25491.0,25491.0,25491.0,0.0
25491.0,25491.0,25491.0,0.0
25491.0,25491.0,25491.0,0.0
25491.0,25491.0,25491.0,0.0
25489.0,25491.0,25490.966666666667,0.2560379919083808
25490.0,25491.0,25490.983333333334,0.12801911235218516
25491.0,25491.0,25491.0,0.0
25491.0,25491.0,25491.0,0.0
25491.0,25491.0,25491.0,0.0
25491.0,25491.0,25491.0,0.0
25491.0,25491.0,25491.0,0.0
25490.0,25491.0,25490.983333333334,0.12801911235218516
25491.0,25491.0,25491.0,0.0
25491.0,25491.0,25491.0,0.0
25491.0,25491.0,25491.0,0.0
25491.0,25491.0,25491.0,0.0
25491.0,25491.0,25491.0,0.0
25491.0,25491.0,25491.0,0.0
25491.0,25491.0,25491.0,0.0
25491.0,25491.0,25491.0,0.0
25491.0,25491.0,25491.0,0.0
25491.0,25491.0,25491.0,0.0
25491.0,25491.0,25491.0,0.0
25491.0,25491.0,25491.0,0.0
25491.0,25491.0,25491.0,0.0
25491.0,25491.0,25491.0,0.0
25490.0,25491.0,25490.983333333334,0.12801911235218516
25491.0,25491.0,25491.0,0.0
25491.0,25491.0,25491.0,0.0
25491.0,25491.0,25491.0,0.0
25491.0,25491.0,25491.0,0.0
25491.0,25491.0,25491.0,0.0
25491.0,25491.0,25491.0,0.0
25491.0,25492.0,25491.016666666666,0.12801911235218516
25491.0,25492.0,25491.066666666666,0.249443866140955
25491.0,25492.0,25491.283333333333,0.4506168006013445
25490.0,25493.0,25491.616666666665,0.5505048991928585
25491.0,25493.0,25491.95,0.2843120044059065
25492.0,25493.0,25492.083333333332,0.27638551900610125
25492.0,25493.0,25492.233333333334,0.4229526178773449
25492.0,25493.0,25492.583333333332,0.49300667545836413
25492.0,25493.0,25492.933333333334,0.24944362719070842
25493.0,25493.0,25493.0,0.0
25490.0,25493.0,25492.95,0.3840573370565555
25492.0,25493.0,25492.983333333334,0.12801911235218516
25493.0,25493.0,25493.0,0.0
25493.0,25493.0,25493.0,0.0
25491.0,25493.0,25492.966666666667,0.2560379919083808
25493.0,25493.0,25493.0,0.0
25493.0,25493.0,25493.0,0.0
25493.0,25493.0,25493.0,0.0
25493.0,25493.0,25493.0,0.0
25492.0,25493.0,25492.983333333334,0.12801911235218516
25493.0,25493.0,25493.0,0.0
25492.0,25493.0,25492.983333333334,0.12801911235218516
25493.0,25493.0,25493.0,0.0
25493.0,25493.0,25493.0,0.0
25493.0,25493.0,25493.0,0.0
25493.0,25493.0,25493.0,0.0
25493.0,25493.0,25493.0,0.0
25492.0,25493.0,25492.983333333334,0.12801911235218516
25493.0,25493.0,25493.0,0.0
25493.0,25493.0,25493.0,0.0
25493.0,25493.0,25493.0,0.0
25492.0,25493.0,25492.983333333334,0.12801911235218516
25493.0,25493.0,25493.0,0.0
25493.0,25493.0,25493.0,0.0
25493.0,25493.0,25493.0,0.0
25493.0,25493.0,25493.0,0.0
25493.0,25493.0,25493.0,0.0
25493.0,25493.0,25493.0,0.0
25493.0,25493.0,25493.0,0.0
25493.0,25493.0,25493.0,0.0
