-1.0,25963.0,16524.2,11967.068614605108
-1.0,25963.0,17558.666666666668,11954.454393888309
-1.0,25963.0,19370.633333333335,11185.073341983747
-1.0,25963.0,24201.033333333333,6468.823803357827
25963.0,25963.0,25963.0,0.0
25963.0,25963.0,25963.0,0.0
25963.0,25963.0,25963.0,0.0
25963.0,25963.0,25963.0,0.0
25963.0,25963.0,25963.0,0.0
25963.0,25963.0,25963.0,0.0
25963.0,25963.0,25963.0,0.0
25963.0,25963.0,25963.0,0.0
25963.0,25963.0,25963.0,0.0
25963.0,25963.0,25963.0,0.0
25963.0,25963.0,25963.0,0.0
25963.0,25963.0,25963.0,0.0
25963.0,25963.0,25963.0,0.0
25961.0,25963.0,25962.966666666667,0.2560382247043703
25963.0,25963.0,25963.0,0.0
25963.0,25963.0,25963.0,0.0
25963.0,25963.0,25963.0,0.0
25963.0,25963.0,25963.0,0.0
25963.0,25964.0,25963.016666666666,0.12801911235218516
25961.0,25964.0,25963.033333333333,0.36362383696264206
25963.0,25964.0,25963.283333333333,0.4506168006013445
25963.0,25964.0,25963.666666666668,0.47140450674208195
25963.0,25964.0,25963.95,0.2179447065102183
25964.0,25964.0,25964.0,0.0
25964.0,25964.0,25964.0,0.0
25964.0,25964.0,25964.0,0.0
25962.0,25964.0,25963.966666666667,0.2560382247043703
25964.0,25966.0,25964.033333333333,0.2560382247043703
25964.0,25966.0,25964.1,0.43588995999043034
25964.0,25967.0,25964.316666666666,0.6950220937441784
25964.0,25967.0,25964.933333333334,0.980929262747059
25964.0,25967.0,25965.933333333334,0.7930251228326411
25965.0,25967.0,25966.666666666668,0.5055249850610106
25966.0,25967.0,25966.966666666667,0.1795052972931067
25967.0,25967.0,25967.0,0.0
25967.0,25967.0,25967.0,0.0
25967.0,25967.0,25967.0,0.0
25967.0,25967.0,25967.0,0.0
25967.0,25967.0,25967.0,0.0
25967.0,25967.0,25967.0,0.0
25967.0,25967.0,25967.0,0.0
25967.0,25967.0,25967.0,0.0
25967.0,25968.0,25967.016666666666,0.12801911235218516
25967.0,25968.0,25967.083333333332,0.27638551900610125
25967.0,25968.0,25967.166666666668,0.3726779251672715
25967.0,25968.0,25967.566666666666,0.49553570937619396
25966.0,25969.0,25967.933333333334,0.40276810572327476
25967.0,25969.0,25968.083333333332,0.33124350055580176
25968.0,25969.0,25968.333333333332,0.47140463318261433
25968.0,25969.0,25968.7,0.4582574810493366
25968.0,25969.0,25968.983333333334,0.12801911235218516
25969.0,25969.0,25969.0,0.0
25969.0,25969.0,25969.0,0.0
25969.0,25969.0,25969.0,0.0
25969.0,25969.0,25969.0,0.0
25968.0,25969.0,25968.983333333334,0.12801911235218516
25969.0,25970.0,25969.016666666666,0.12801911235218516
25969.0,25970.0,25969.083333333332,0.27638551900610125
25969.0,25970.0,25969.25,0.4330127018922193
25969.0,25970.0,25969.633333333335,0.48189438618851166
25969.0,25970.0,25969.95,0.2179447065102183
25970.0,25970.0,25970.0,0.0
25970.0,25971.0,25970.016666666666,0.12801911235218516
25970.0,25971.0,25970.083333333332,0.27638551900610125
25970.0,25971.0,25970.266666666666,0.44221665249218517
25970.0,25971.0,25970.666666666668,0.47140450674208195
25970.0,25971.0,25970.983333333334,0.12801911235218516
25971.0,25973.0,25971.033333333333,0.2560382247043703
25971.0,25973.0,25971.1,0.43588995999043034
25971.0,25973.0,25971.4,0.7999999910593032
25971.0,25973.0,25972.1,0.9949874418990137
25971.0,25973.0,25972.833333333332,0.5527708223545349
25973.0,25973.0,25973.0,0.0
25973.0,25973.0,25973.0,0.0
25973.0,25973.0,25973.0,0.0
25972.0,25973.0,25972.983333333334,0.12801911235218516
25973.0,25973.0,25973.0,0.0
25973.0,25973.0,25973.0,0.0
25973.0,25973.0,25973.0,0.0
25973.0,25973.0,25973.0,0.0
25973.0,25973.0,25973.0,0.0
25972.0,25973.0,25972.983333333334,0.12801911235218516
25973.0,25973.0,25973.0,0.0
25973.0,25973.0,25973.0,0.0
25973.0,25973.0,25973.0,0.0
25973.0,25973.0,25973.0,0.0
25973.0,25973.0,25973.0,0.0
25973.0,25973.0,25973.0,0.0
25972.0,25973.0,25972.983333333334,0.12801911235218516
25973.0,25973.0,25973.0,0.0
25972.0,25973.0,25972.983333333334,0.12801911235218516
25973.0,25973.0,25973.0,0.0
25973.0,25973.0,25973.0,0.0
25973.0,25973.0,25973.0,0.0
25973.0,25973.0,25973.0,0.0
25973.0,25973.0,25973.0,0.0
25972.0,25973.0,25972.983333333334,0.12801911235218516
25973.0,25973.0,25973.0,0.0
25973.0,25973.0,25973.0,0.0
25973.0,25973.0,25973.0,0.0
25973.0,25973.0,25973.0,0.0
25971.0,25973.0,25972.966666666667,0.2560379919083808
25973.0,25973.0,25973.0,0.0
25972.0,25973.0,25972.983333333334,0.12801911235218516
25973.0,25973.0,25973.0,0.0
25973.0,25973.0,25973.0,0.0
25973.0,25973.0,25973.0,0.0
25973.0,25973.0,25973.0,0.0
25973.0,25973.0,25973.0,0.0
25973.0,25973.0,25973.0,0.0
25973.0,25973.0,25973.0,0.0
25973.0,25973.0,25973.0,0.0
25973.0,25973.0,25973.0,0.0
25972.0,25973.0,25972.983333333334,0.12801911235218516
25973.0,25973.0,25973.0,0.0
25973.0,25973.0,25973.0,0.0
25973.0,25973.0,25973.0,0.0
25973.0,25973.0,25973.0,0.0
25973.0,25973.0,25973.0,0.0
25973.0,25973.0,25973.0,0.0
25973.0,25973.0,25973.0,0.0
25973.0,25973.0,25973.0,0.0
25973.0,25973.0,25973.0,0.0
25973.0,25973.0,25973.0,0.0
25973.0,25973.0,25973.0,0.0
25973.0,25973.0,25973.0,0.0
25973.0,25973.0,25973.0,0.0
25973.0,25973.0,25973.0,0.0
25973.0,25973.0,25973.0,0.0
25973.0,25973.0,25973.0,0.0
25973.0,25973.0,25973.0,0.0
25973.0,25973.0,25973.0,0.0
25973.0,25973.0,25973.0,0.0
25973.0,25973.0,25973.0,0.0
25973.0,25973.0,25973.0,0.0
25973.0,25973.0,25973.0,0.0
25973.0,25973.0,25973.0,0.0
25972.0,25973.0,25972.983333333334,0.12801911235218516
25973.0,25973.0,25973.0,0.0
25972.0,25973.0,25972.983333333334,0.12801911235218516
25972.0,25973.0,25972.983333333334,0.12801911235218516
25973.0,25973.0,25973.0,0.0
25971.0,25974.0,25972.983333333334,0.28819371163352936
25972.0,25974.0,25973.016666666666,0.22298500819768222
25973.0,25974.0,25973.15,0.3570711676989335
