-1.0,29246.0,19263.733333333334,10287.769610669859
-1.0,29246.0,16609.383333333335,12218.504534914335
-1.0,29246.0,18517.05,11689.592318846426
-1.0,39319.0,19196.7,12794.6254540725
-1.0,39319.0,23571.616666666665,12384.049997330798
-1.0,46353.0,27898.366666666665,12823.915482366883
-1.0,46353.0,34555.666666666664,12301.4319067154
37347.0,46353.0,42378.61666666667,3608.155752789606
-1.0,46353.0,44016.55,6450.171556956179
39319.0,46353.0,46233.666666666664,900.2252063913651
46353.0,46353.0,46353.0,0.0
46353.0,46353.0,46353.0,0.0
46353.0,46353.0,46353.0,0.0
46353.0,46353.0,46353.0,0.0
46353.0,46353.0,46353.0,0.0
46353.0,46353.0,46353.0,0.0
46353.0,46353.0,46353.0,0.0
46353.0,46353.0,46353.0,0.0
46353.0,46353.0,46353.0,0.0
46353.0,46353.0,46353.0,0.0
46353.0,46353.0,46353.0,0.0
46353.0,46353.0,46353.0,0.0
46353.0,46353.0,46353.0,0.0
46353.0,46353.0,46353.0,0.0
46353.0,46354.0,46353.01666666667,0.12801911235218516
46353.0,46354.0,46353.083333333336,0.27638530334839156
46353.0,46354.0,46353.28333333333,0.45061666832786196
46353.0,46354.0,46353.7,0.45825813138899224
46354.0,46354.0,46354.0,0.0
46354.0,46354.0,46354.0,0.0
46354.0,46354.0,46354.0,0.0
46354.0,46354.0,46354.0,0.0
46354.0,46354.0,46354.0,0.0
46354.0,46354.0,46354.0,0.0
46354.0,46354.0,46354.0,0.0
46354.0,46354.0,46354.0,0.0
46354.0,46354.0,46354.0,0.0
46354.0,46355.0,46354.01666666667,0.12801911235218516
46354.0,46355.0,46354.066666666666,0.24944338824023293
46354.0,46355.0,46354.25,0.4330127018922193
46354.0,46355.0,46354.61666666667,0.4861981934551915
46354.0,46355.0,46354.86666666667,0.33993493972321953
46355.0,46355.0,46355.0,0.0
46355.0,46355.0,46355.0,0.0
46355.0,46355.0,46355.0,0.0
46355.0,46355.0,46355.0,0.0
46355.0,46356.0,46355.01666666667,0.12801724997156907
46355.0,46356.0,46355.05,0.21794525347986887
46355.0,46356.0,46355.21666666667,0.4119733974793917
46355.0,46356.0,46355.61666666667,0.4861981934551915
46356.0,46356.0,46356.0,0.0
46356.0,46356.0,46356.0,0.0
46356.0,46356.0,46356.0,0.0
46356.0,46356.0,46356.0,0.0
46356.0,46356.0,46356.0,0.0
46356.0,46356.0,46356.0,0.0
46356.0,46356.0,46356.0,0.0
46356.0,46356.0,46356.0,0.0
46356.0,46356.0,46356.0,0.0
46356.0,46356.0,46356.0,0.0
46356.0,46356.0,46356.0,0.0
46356.0,47356.0,46372.666666666664,128.0190957976032
46356.0,47356.0,46439.333333333336,276.38539919618745
46356.0,47356.0,46606.0,433.0127018922193
46356.0,47356.0,46956.0,489.89794855663564
46356.0,47356.0,47322.63333333333,179.4994862264862
47356.0,47356.0,47356.0,0.0
47356.0,47356.0,47356.0,0.0
47356.0,47356.0,47356.0,0.0
47356.0,47356.0,47356.0,0.0
47356.0,47356.0,47356.0,0.0
47356.0,47356.0,47356.0,0.0
47356.0,47356.0,47356.0,0.0
47356.0,47357.0,47356.01666666667,0.12801911235218516
47356.0,47357.0,47356.066666666666,0.24944338824023293
47356.0,47357.0,47356.183333333334,0.3869394000411424
47356.0,47357.0,47356.48333333333,0.4997224037142279
47356.0,47357.0,47356.8,0.39999980926509127
47356.0,47357.0,47356.98333333333,0.12801911235218516
47357.0,47357.0,47357.0,0.0
47357.0,47357.0,47357.0,0.0
47357.0,47357.0,47357.0,0.0
47355.0,47357.0,47356.96666666667,0.2560382247043703
47357.0,47357.0,47357.0,0.0
47357.0,47357.0,47357.0,0.0
47357.0,47357.0,47357.0,0.0
47357.0,47357.0,47357.0,0.0
47357.0,47357.0,47357.0,0.0
47357.0,47358.0,47357.01666666667,0.12801911235218516
47357.0,47358.0,47357.05,0.21794415953919502
47357.0,47358.0,47357.183333333334,0.3869394000411424
47357.0,47358.0,47357.583333333336,0.49300643365774616
47357.0,47358.0,47357.95,0.21794525347986887
47358.0,47358.0,47358.0,0.0
47356.0,47358.0,47357.96666666667,0.2560382247043703
47358.0,47358.0,47358.0,0.0
47358.0,47358.0,47358.0,0.0
47358.0,47358.0,47358.0,0.0
47358.0,47358.0,47358.0,0.0
47356.0,47358.0,47357.96666666667,0.2560382247043703
47358.0,47358.0,47358.0,0.0
47358.0,47358.0,47358.0,0.0
47358.0,47358.0,47358.0,0.0
47358.0,47358.0,47358.0,0.0
47358.0,47358.0,47358.0,0.0
47358.0,47358.0,47358.0,0.0
47358.0,47358.0,47358.0,0.0
47358.0,47358.0,47358.0,0.0
47356.0,47358.0,47357.96666666667,0.2560382247043703
47358.0,47358.0,47358.0,0.0
47358.0,47358.0,47358.0,0.0
47358.0,47358.0,47358.0,0.0
47358.0,47358.0,47358.0,0.0
47358.0,47358.0,47358.0,0.0
47356.0,47358.0,47357.96666666667,0.2560382247043703
47358.0,47358.0,47358.0,0.0
47358.0,47358.0,47358.0,0.0
47358.0,47358.0,47358.0,0.0
47358.0,47358.0,47358.0,0.0
47358.0,47358.0,47358.0,0.0
47358.0,47358.0,47358.0,0.0
47358.0,47358.0,47358.0,0.0
47358.0,47358.0,47358.0,0.0
47358.0,47358.0,47358.0,0.0
47358.0,47359.0,47358.01666666667,0.12801911235218516
47357.0,47359.0,47358.066666666666,0.3091209833028409
47358.0,47359.0,47358.3,0.45825709084510025
47358.0,47359.0,47358.683333333334,0.465175990774006
47358.0,47359.0,47358.98333333333,0.12801911235218516
47359.0,47359.0,47359.0,0.0
47359.0,47359.0,47359.0,0.0
47359.0,47359.0,47359.0,0.0
47359.0,47359.0,47359.0,0.0
47359.0,47359.0,47359.0,0.0
47359.0,47359.0,47359.0,0.0
47359.0,47359.0,47359.0,0.0
47359.0,47359.0,47359.0,0.0
47359.0,47359.0,47359.0,0.0
47359.0,47359.0,47359.0,0.0
47359.0,47359.0,47359.0,0.0
47359.0,47359.0,47359.0,0.0
47359.0,47359.0,47359.0,0.0
47359.0,47359.0,47359.0,0.0
47359.0,47359.0,47359.0,0.0
47359.0,47359.0,47359.0,0.0
47359.0,47359.0,47359.0,0.0
47359.0,47359.0,47359.0,0.0
47359.0,47359.0,47359.0,0.0
47357.0,47359.0,47358.96666666667,0.2560382247043703
