-1.0,27248.0,17994.583333333332,11397.96687175929
-1.0,27248.0,18463.05,11614.366542383334
-1.0,27248.0,22817.733333333334,8299.461879878452
-1.0,27248.0,24192.683333333334,6481.297049952447
-1.0,32283.0,24956.9,5834.8481805442
-1.0,32311.0,22871.566666666666,10388.610855750745
-1.0,32311.0,26175.916666666668,9789.400981489563
-1.0,32311.0,28856.966666666667,8835.00901521265
-1.0,32311.0,31176.033333333333,5795.782892088197
32288.0,32311.0,32308.316666666666,6.412206253402848
32301.0,32311.0,32310.833333333332,1.2801909838443137
32310.0,32311.0,32310.983333333334,0.12801911235218516
32311.0,32311.0,32311.0,0.0
32311.0,32311.0,32311.0,0.0
32311.0,32311.0,32311.0,0.0
32311.0,32311.0,32311.0,0.0
32311.0,32311.0,32311.0,0.0
32311.0,32311.0,32311.0,0.0
32311.0,32311.0,32311.0,0.0
32311.0,32311.0,32311.0,0.0
32311.0,32311.0,32311.0,0.0
32311.0,32311.0,32311.0,0.0
32311.0,32311.0,32311.0,0.0
32311.0,32311.0,32311.0,0.0
32311.0,32311.0,32311.0,0.0
32311.0,32311.0,32311.0,0.0
32311.0,32311.0,32311.0,0.0
32311.0,32311.0,32311.0,0.0
32311.0,32311.0,32311.0,0.0
32311.0,32311.0,32311.0,0.0
32311.0,32311.0,32311.0,0.0
32311.0,32311.0,32311.0,0.0
-1.0,32311.0,31772.466666666667,4136.553023418832
32311.0,32311.0,32311.0,0.0
32311.0,32311.0,32311.0,0.0
32311.0,32313.0,32311.033333333333,0.2560382247043703
32311.0,32313.0,32311.1,0.39581151534066
32311.0,32313.0,32311.283333333333,0.5799904702488902
32311.0,32313.0,32311.8,0.8326663606544871
32311.0,32313.0,32312.616666666665,0.6080479967346392
32312.0,32313.0,32312.966666666667,0.1795056293423027
32313.0,32313.0,32313.0,0.0
32313.0,32313.0,32313.0,0.0
32313.0,32313.0,32313.0,0.0
32313.0,32313.0,32313.0,0.0
32313.0,32313.0,32313.0,0.0
32313.0,32313.0,32313.0,0.0
32313.0,32314.0,32313.016666666666,0.12801911235218516
32312.0,32314.0,32313.0,0.1825740987768787
32313.0,32315.0,32313.083333333332,0.33124350055580176
32313.0,32315.0,32313.283333333333,0.5193478827162583
32313.0,32315.0,32313.75,0.6739188755125461
32313.0,32316.0,32314.35,0.6538349399856456
32314.0,32316.0,32314.916666666668,0.6135053286021782
32314.0,32316.0,32315.383333333335,0.5193477679480011
32315.0,32316.0,32315.766666666666,0.42295247695221005
32315.0,32316.0,32315.983333333334,0.12801911235218516
32316.0,32316.0,32316.0,0.0
32316.0,32316.0,32316.0,0.0
32316.0,32316.0,32316.0,0.0
32316.0,32316.0,32316.0,0.0
32316.0,32316.0,32316.0,0.0
32316.0,32316.0,32316.0,0.0
32314.0,32316.0,32315.966666666667,0.2560379919083808
32316.0,32316.0,32316.0,0.0
32316.0,32316.0,32316.0,0.0
-1.0,32316.0,31777.383333333335,4137.193118897815
32316.0,32316.0,32316.0,0.0
32316.0,32316.0,32316.0,0.0
32316.0,32316.0,32316.0,0.0
32316.0,32316.0,32316.0,0.0
32316.0,32316.0,32316.0,0.0
32316.0,32316.0,32316.0,0.0
32316.0,32316.0,32316.0,0.0
32316.0,32316.0,32316.0,0.0
32316.0,32316.0,32316.0,0.0
32316.0,32316.0,32316.0,0.0
32316.0,32316.0,32316.0,0.0
32316.0,32316.0,32316.0,0.0
32316.0,32316.0,32316.0,0.0
32316.0,32316.0,32316.0,0.0
32316.0,32316.0,32316.0,0.0
32316.0,32316.0,32316.0,0.0
32316.0,32316.0,32316.0,0.0
32316.0,32316.0,32316.0,0.0
32316.0,32316.0,32316.0,0.0
32316.0,32316.0,32316.0,0.0
32316.0,32316.0,32316.0,0.0
32316.0,32316.0,32316.0,0.0
32316.0,32316.0,32316.0,0.0
32316.0,32316.0,32316.0,0.0
32316.0,32316.0,32316.0,0.0
32316.0,32316.0,32316.0,0.0
32316.0,32316.0,32316.0,0.0
32316.0,32316.0,32316.0,0.0
32316.0,32316.0,32316.0,0.0
32316.0,32316.0,32316.0,0.0
32316.0,32316.0,32316.0,0.0
32316.0,32316.0,32316.0,0.0
32315.0,32316.0,32315.983333333334,0.12801911235218516
32316.0,32316.0,32316.0,0.0
32316.0,32316.0,32316.0,0.0
32316.0,32316.0,32316.0,0.0
32316.0,32316.0,32316.0,0.0
32316.0,32316.0,32316.0,0.0
32316.0,32316.0,32316.0,0.0
32316.0,32316.0,32316.0,0.0
32316.0,32316.0,32316.0,0.0
32316.0,32316.0,32316.0,0.0
32316.0,32316.0,32316.0,0.0
32316.0,32316.0,32316.0,0.0
32316.0,32316.0,32316.0,0.0
32316.0,32316.0,32316.0,0.0
32316.0,32316.0,32316.0,0.0
32316.0,32316.0,32316.0,0.0
32316.0,32316.0,32316.0,0.0
32316.0,32316.0,32316.0,0.0
32315.0,32316.0,32315.983333333334,0.12801911235218516
32316.0,32316.0,32316.0,0.0
32316.0,32316.0,32316.0,0.0
32316.0,32316.0,32316.0,0.0
32316.0,32316.0,32316.0,0.0
32316.0,32318.0,32316.033333333333,0.2560382247043703
32316.0,32318.0,32316.1,0.43588995999043034
32316.0,32318.0,32316.3,0.7141429196404221
32316.0,32318.0,32316.833333333332,0.9860132904665868
32316.0,32318.0,32317.633333333335,0.773879031144187
32318.0,32318.0,32318.0,0.0
32318.0,32318.0,32318.0,0.0
32318.0,32318.0,32318.0,0.0
32316.0,32318.0,32317.966666666667,0.2560379919083808
32317.0,32318.0,32317.983333333334,0.12801911235218516
32318.0,32318.0,32318.0,0.0
32318.0,32318.0,32318.0,0.0
32318.0,32318.0,32318.0,0.0
32318.0,32318.0,32318.0,0.0
32318.0,32318.0,32318.0,0.0
32318.0,32318.0,32318.0,0.0
32318.0,32318.0,32318.0,0.0
32318.0,32318.0,32318.0,0.0
32318.0,32318.0,32318.0,0.0
32318.0,32320.0,32318.033333333333,0.2560382247043703
32318.0,32320.0,32318.066666666666,0.3590110926601226
32318.0,32320.0,32318.166666666668,0.5527707145256695
32318.0,32320.0,32318.533333333333,0.8844333049843703
32318.0,32320.0,32319.233333333334,0.9723968159868656
32318.0,32320.0,32319.833333333332,0.5527708223545349
32320.0,32320.0,32320.0,0.0
32320.0,32320.0,32320.0,0.0
