-1.0,25743.0,17414.366666666665,10402.019102024806
-1.0,25743.0,19128.716666666667,10625.309899938082
-1.0,25743.0,23051.4,7690.249513073894
-1.0,25743.0,24884.866666666665,4621.189426495701
25743.0,25743.0,25743.0,0.0
25743.0,25743.0,25743.0,0.0
25743.0,25743.0,25743.0,0.0
25743.0,25743.0,25743.0,0.0
25743.0,25743.0,25743.0,0.0
25743.0,25743.0,25743.0,0.0
25743.0,25743.0,25743.0,0.0
25743.0,25743.0,25743.0,0.0
25743.0,25743.0,25743.0,0.0
25743.0,25743.0,25743.0,0.0
25743.0,25744.0,25743.016666666666,0.12801911235218516
25743.0,25744.0,25743.066666666666,0.2494441050909727
25742.0,25744.0,25743.183333333334,0.4278498802824166
25743.0,25744.0,25743.5,0.5
25743.0,25744.0,25743.9,0.2999998569488184
25744.0,25744.0,25744.0,0.0
25744.0,25744.0,25744.0,0.0
25744.0,25746.0,25744.033333333333,0.2560382247043703
25744.0,25746.0,25744.2,0.5715476469734831
25744.0,25746.0,25744.766666666666,0.9195410067576245
25744.0,25746.0,25745.766666666666,0.4606758280108571
25745.0,25746.0,25745.933333333334,0.24944362719070842
25746.0,25748.0,25746.033333333333,0.2560382247043703
25745.0,25748.0,25746.15,0.5107183797331136
25746.0,25748.0,25746.6,0.778888107593572
25746.0,25748.0,25747.483333333334,0.7414325287385433
25747.0,25748.0,25747.966666666667,0.1795052972931067
25748.0,25748.0,25748.0,0.0
25748.0,25748.0,25748.0,0.0
25748.0,25748.0,25748.0,0.0
25748.0,25748.0,25748.0,0.0
25748.0,25748.0,25748.0,0.0
25748.0,25748.0,25748.0,0.0
25748.0,25748.0,25748.0,0.0
25748.0,25748.0,25748.0,0.0
25747.0,25748.0,25747.983333333334,0.12801911235218516
25748.0,25845.0,25749.616666666665,12.417852294990205
25748.0,25845.0,25752.85,21.14065987639782
25745.0,25848.0,25759.316666666666,31.299356578347
25745.0,25848.0,25770.7,41.23117752369514
25745.0,25848.0,25809.916666666668,47.26566465770224
25748.0,25848.0,25845.233333333334,12.740181405394326
25845.0,25848.0,25847.95,0.3840573370565555
25846.0,25848.0,25847.966666666667,0.2560382247043703
25848.0,25848.0,25848.0,0.0
25848.0,25848.0,25848.0,0.0
25848.0,25848.0,25848.0,0.0
25848.0,25848.0,25848.0,0.0
25848.0,25848.0,25848.0,0.0
25848.0,25848.0,25848.0,0.0
25848.0,25848.0,25848.0,0.0
25848.0,25848.0,25848.0,0.0
25848.0,25848.0,25848.0,0.0
25848.0,25848.0,25848.0,0.0
25848.0,25848.0,25848.0,0.0
25848.0,25849.0,25848.016666666666,0.12801911235218516
25848.0,25849.0,25848.05,0.21794497999521517
25848.0,25849.0,25848.166666666668,0.3726779251672715
25848.0,25849.0,25848.466666666667,0.49888761280682964
25848.0,25849.0,25848.816666666666,0.386939708123602
25849.0,25849.0,25849.0,0.0
25849.0,25849.0,25849.0,0.0
25849.0,25849.0,25849.0,0.0
25848.0,25850.0,25849.0,0.1825740987768787
25849.0,25850.0,25849.033333333333,0.1795052972931067
25848.0,25850.0,25849.1,0.35118846069139364
25849.0,25850.0,25849.4,0.4898978366225489
25849.0,25850.0,25849.783333333333,0.4119735421601762
25850.0,25850.0,25850.0,0.0
25850.0,25851.0,25850.016666666666,0.12801911235218516
25850.0,25851.0,25850.05,0.21794497999521517
25848.0,25851.0,25850.15,0.5107183797331136
25850.0,25851.0,25850.533333333333,0.49888773228191
25850.0,25851.0,25850.883333333335,0.3210225492739318
25851.0,25851.0,25851.0,0.0
25851.0,25851.0,25851.0,0.0
25851.0,25851.0,25851.0,0.0
25850.0,25851.0,25850.983333333334,0.12801911235218516
25851.0,25851.0,25851.0,0.0
25851.0,25851.0,25851.0,0.0
25851.0,25851.0,25851.0,0.0
25851.0,25851.0,25851.0,0.0
25851.0,25851.0,25851.0,0.0
25851.0,25851.0,25851.0,0.0
25851.0,25851.0,25851.0,0.0
25851.0,25851.0,25851.0,0.0
25849.0,25851.0,25850.966666666667,0.2560379919083808
25851.0,25851.0,25851.0,0.0
25851.0,25851.0,25851.0,0.0
25851.0,25851.0,25851.0,0.0
25851.0,25851.0,25851.0,0.0
25851.0,25851.0,25851.0,0.0
25851.0,25851.0,25851.0,0.0
25851.0,25851.0,25851.0,0.0
25851.0,25851.0,25851.0,0.0
25851.0,25851.0,25851.0,0.0
25851.0,25851.0,25851.0,0.0
25851.0,25851.0,25851.0,0.0
25851.0,25851.0,25851.0,0.0
25851.0,25851.0,25851.0,0.0
25851.0,25851.0,25851.0,0.0
25851.0,25851.0,25851.0,0.0
25851.0,25851.0,25851.0,0.0
25851.0,25851.0,25851.0,0.0
25851.0,25851.0,25851.0,0.0
25851.0,25851.0,25851.0,0.0
25851.0,25851.0,25851.0,0.0
25851.0,25851.0,25851.0,0.0
25851.0,25851.0,25851.0,0.0
25851.0,25851.0,25851.0,0.0
25851.0,25851.0,25851.0,0.0
25851.0,25851.0,25851.0,0.0
25851.0,25851.0,25851.0,0.0
25851.0,25851.0,25851.0,0.0
25851.0,25851.0,25851.0,0.0
25851.0,25851.0,25851.0,0.0
25850.0,25851.0,25850.983333333334,0.12801911235218516
25851.0,25851.0,25851.0,0.0
25851.0,25851.0,25851.0,0.0
25851.0,25851.0,25851.0,0.0
25752.0,25851.0,25849.35,12.673890486240618
25752.0,25851.0,25849.35,12.673890486240618
25851.0,25851.0,25851.0,0.0
25851.0,25851.0,25851.0,0.0
25851.0,25851.0,25851.0,0.0
25851.0,25851.0,25851.0,0.0
25851.0,25851.0,25851.0,0.0
25851.0,25851.0,25851.0,0.0
25851.0,25851.0,25851.0,0.0
25851.0,25851.0,25851.0,0.0
25851.0,25851.0,25851.0,0.0
25748.0,25851.0,25849.283333333333,13.185966868118687
25851.0,25851.0,25851.0,0.0
25851.0,25851.0,25851.0,0.0
25851.0,25851.0,25851.0,0.0
25851.0,25851.0,25851.0,0.0
25851.0,25851.0,25851.0,0.0
25851.0,25851.0,25851.0,0.0
25851.0,25851.0,25851.0,0.0
25851.0,25851.0,25851.0,0.0
25851.0,25851.0,25851.0,0.0
25851.0,25851.0,25851.0,0.0
25851.0,25851.0,25851.0,0.0
25851.0,25851.0,25851.0,0.0
25851.0,25851.0,25851.0,0.0
