-1.0,25624.0,13547.166666666666,12313.83013683756
-1.0,25624.0,17172.233333333334,11723.654002864843
-1.0,25720.0,20829.483333333334,9871.20240479289
-1.0,25816.0,23895.766666666666,6386.960485673576
-1.0,25820.0,25160.983333333334,3285.14128814204
-1.0,25820.0,25221.8,3284.9640018321875
25539.0,25820.0,25723.233333333334,84.17627667874254
25545.0,25820.0,25793.616666666665,57.61252516371247
25816.0,25820.0,25819.266666666666,1.5477582548399185
25820.0,25820.0,25820.0,0.0
25820.0,25820.0,25820.0,0.0
25820.0,25820.0,25820.0,0.0
25820.0,25820.0,25820.0,0.0
25820.0,25820.0,25820.0,0.0
25820.0,25820.0,25820.0,0.0
25820.0,25820.0,25820.0,0.0
25820.0,25820.0,25820.0,0.0
25820.0,25820.0,25820.0,0.0
25820.0,25820.0,25820.0,0.0
25819.0,25820.0,25819.983333333334,0.12801911235218516
25820.0,25820.0,25820.0,0.0
25820.0,25820.0,25820.0,0.0
25820.0,25820.0,25820.0,0.0
25820.0,25820.0,25820.0,0.0
25820.0,25820.0,25820.0,0.0
25820.0,25820.0,25820.0,0.0
25820.0,25820.0,25820.0,0.0
25820.0,25820.0,25820.0,0.0
25820.0,25820.0,25820.0,0.0
25820.0,25820.0,25820.0,0.0
25820.0,25820.0,25820.0,0.0
25820.0,25820.0,25820.0,0.0
25820.0,25820.0,25820.0,0.0
25820.0,25820.0,25820.0,0.0
25820.0,25820.0,25820.0,0.0
25820.0,25820.0,25820.0,0.0
25820.0,25820.0,25820.0,0.0
25820.0,25820.0,25820.0,0.0
25820.0,25820.0,25820.0,0.0
25820.0,25820.0,25820.0,0.0
25820.0,25820.0,25820.0,0.0
25820.0,25820.0,25820.0,0.0
25820.0,25820.0,25820.0,0.0
25820.0,25820.0,25820.0,0.0
25820.0,25820.0,25820.0,0.0
25820.0,25820.0,25820.0,0.0
25820.0,25820.0,25820.0,0.0
25820.0,25820.0,25820.0,0.0
25820.0,25820.0,25820.0,0.0
25820.0,25820.0,25820.0,0.0
25820.0,25820.0,25820.0,0.0
25820.0,25820.0,25820.0,0.0
25820.0,25820.0,25820.0,0.0
25820.0,25820.0,25820.0,0.0
25820.0,25820.0,25820.0,0.0
25820.0,25820.0,25820.0,0.0
25818.0,25820.0,25819.966666666667,0.2560382247043703
25820.0,25820.0,25820.0,0.0
25820.0,25820.0,25820.0,0.0
25820.0,25820.0,25820.0,0.0
25820.0,25820.0,25820.0,0.0
25820.0,25820.0,25820.0,0.0
25820.0,25820.0,25820.0,0.0
25820.0,25820.0,25820.0,0.0
25820.0,25820.0,25820.0,0.0
25820.0,25820.0,25820.0,0.0
25820.0,25820.0,25820.0,0.0
25820.0,25820.0,25820.0,0.0
25820.0,25821.0,25820.016666666666,0.12801911235218516
25820.0,25821.0,25820.083333333332,0.27638551900610125
25820.0,25821.0,25820.35,0.47696968568486287
25820.0,25821.0,25820.8,0.3999999582767465
25821.0,25821.0,25821.0,0.0
25821.0,25821.0,25821.0,0.0
25821.0,25821.0,25821.0,0.0
25821.0,25821.0,25821.0,0.0
25821.0,25821.0,25821.0,0.0
25821.0,25821.0,25821.0,0.0
25821.0,25821.0,25821.0,0.0
25821.0,25821.0,25821.0,0.0
25820.0,25821.0,25820.983333333334,0.12801911235218516
25821.0,25821.0,25821.0,0.0
25821.0,25821.0,25821.0,0.0
25821.0,25821.0,25821.0,0.0
25821.0,25821.0,25821.0,0.0
25821.0,25821.0,25821.0,0.0
25821.0,25821.0,25821.0,0.0
25821.0,25821.0,25821.0,0.0
25821.0,25821.0,25821.0,0.0
25821.0,25821.0,25821.0,0.0
25821.0,25821.0,25821.0,0.0
25820.0,25821.0,25820.983333333334,0.12801911235218516
25821.0,25821.0,25821.0,0.0
25821.0,25821.0,25821.0,0.0
25821.0,25821.0,25821.0,0.0
25821.0,25821.0,25821.0,0.0
25821.0,25821.0,25821.0,0.0
25821.0,25821.0,25821.0,0.0
25821.0,25821.0,25821.0,0.0
25821.0,25821.0,25821.0,0.0
25821.0,25821.0,25821.0,0.0
25821.0,25821.0,25821.0,0.0
25821.0,25821.0,25821.0,0.0
25821.0,25821.0,25821.0,0.0
25821.0,25821.0,25821.0,0.0
25821.0,25821.0,25821.0,0.0
25821.0,25823.0,25821.033333333333,0.2560382247043703
25821.0,25823.0,25821.166666666668,0.4887625801438162
25821.0,25823.0,25821.516666666666,0.6950220079848205
25821.0,25823.0,25822.2,0.74833143912276
25821.0,25823.0,25822.8,0.4396969267289435
25822.0,25823.0,25822.983333333334,0.12801911235218516
25823.0,25823.0,25823.0,0.0
25823.0,25823.0,25823.0,0.0
25823.0,25823.0,25823.0,0.0
25823.0,25823.0,25823.0,0.0
25823.0,25823.0,25823.0,0.0
25823.0,25823.0,25823.0,0.0
25823.0,25823.0,25823.0,0.0
25823.0,25823.0,25823.0,0.0
25823.0,25823.0,25823.0,0.0
25823.0,25823.0,25823.0,0.0
25823.0,25823.0,25823.0,0.0
25823.0,25823.0,25823.0,0.0
25823.0,25824.0,25823.016666666666,0.12801911235218516
25823.0,25824.0,25823.05,0.21794497999521517
25823.0,25824.0,25823.25,0.4330127018922193
25823.0,25824.0,25823.633333333335,0.48189426250030504
25823.0,25824.0,25823.983333333334,0.12801911235218516
25824.0,25824.0,25824.0,0.0
25824.0,25824.0,25824.0,0.0
25824.0,25824.0,25824.0,0.0
25824.0,25824.0,25824.0,0.0
25824.0,25824.0,25824.0,0.0
25824.0,25824.0,25824.0,0.0
25822.0,25824.0,25823.966666666667,0.2560382247043703
25824.0,25824.0,25824.0,0.0
25824.0,25824.0,25824.0,0.0
25824.0,25824.0,25824.0,0.0
25824.0,25824.0,25824.0,0.0
25824.0,25824.0,25824.0,0.0
25824.0,25824.0,25824.0,0.0
25824.0,25824.0,25824.0,0.0
25824.0,25824.0,25824.0,0.0
25824.0,25824.0,25824.0,0.0
25822.0,25824.0,25823.966666666667,0.2560382247043703
25824.0,25824.0,25824.0,0.0
25824.0,25824.0,25824.0,0.0
25824.0,25824.0,25824.0,0.0
