-1.0,26334.0,18383.066666666666,9899.278155277565
-1.0,26334.0,18025.6,11361.46121793613
-1.0,27316.0,21062.7,9992.295093887755
-1.0,27355.0,19647.45,11359.635920552206
-1.0,27355.0,24004.366666666665,8021.773349176327
-1.0,27360.0,23917.8,8702.67415759854
-1.0,27366.0,25474.483333333334,6812.183146127894
-1.0,27379.0,25532.766666666666,6824.190118899738
-1.0,27387.0,26906.95,3503.1304972600383
-1.0,27406.0,26915.583333333332,3504.258957762055
-1.0,27406.0,26926.05,3505.6125685582274
27358.0,27416.0,27391.716666666667,11.521127931002606
27383.0,27416.0,27405.65,6.650375917393222
27401.0,27416.0,27410.883333333335,4.103216887561543
27405.0,27422.0,27414.466666666667,2.7656624570562185
27416.0,27422.0,27416.516666666666,1.4999074112608908
27416.0,27423.0,27418.266666666666,2.707192068015759
27415.0,27423.0,27420.266666666666,2.6259389968971307
27417.0,27423.0,27422.0,1.0
27422.0,27423.0,27422.566666666666,0.49553570937619396
27422.0,27423.0,27422.933333333334,0.24944362719070842
27423.0,27423.0,27423.0,0.0
27423.0,27424.0,27423.016666666666,0.12801911235218516
27423.0,27424.0,27423.15,0.3570711676989335
27423.0,27424.0,27423.483333333334,0.4997221651631501
27423.0,27424.0,27423.866666666665,0.33993493972321953
27424.0,27424.0,27424.0,0.0
27424.0,27424.0,27424.0,0.0
27424.0,27424.0,27424.0,0.0
27423.0,27424.0,27423.983333333334,0.12801911235218516
27423.0,27424.0,27423.983333333334,0.12801911235218516
27424.0,27424.0,27424.0,0.0
27424.0,27424.0,27424.0,0.0
27424.0,27424.0,27424.0,0.0
27424.0,27424.0,27424.0,0.0
27424.0,27424.0,27424.0,0.0
27424.0,27424.0,27424.0,0.0
27424.0,27424.0,27424.0,0.0
27424.0,27424.0,27424.0,0.0
27424.0,28426.0,27440.7,128.27513398936858
27424.0,28426.0,27557.6,340.614503508187
27424.0,28426.0,27808.083333333332,487.0811804914609
27424.0,28426.0,28225.6,400.7167411860349
27424.0,28426.0,28409.3,128.27513398936858
28426.0,28426.0,28426.0,0.0
28426.0,28426.0,28426.0,0.0
28426.0,28426.0,28426.0,0.0
28426.0,28426.0,28426.0,0.0
28425.0,28426.0,28425.983333333334,0.12801911235218516
28425.0,28426.0,28425.983333333334,0.12801911235218516
28426.0,28426.0,28426.0,0.0
28426.0,28426.0,28426.0,0.0
28424.0,28426.0,28425.966666666667,0.2560382247043703
28426.0,28426.0,28426.0,0.0
28426.0,28426.0,28426.0,0.0
28426.0,28426.0,28426.0,0.0
28426.0,28426.0,28426.0,0.0
28426.0,28426.0,28426.0,0.0
28426.0,28426.0,28426.0,0.0
28426.0,28426.0,28426.0,0.0
28426.0,28426.0,28426.0,0.0
28426.0,28426.0,28426.0,0.0
28426.0,28426.0,28426.0,0.0
28426.0,28426.0,28426.0,0.0
28426.0,28426.0,28426.0,0.0
28426.0,28426.0,28426.0,0.0
28426.0,28426.0,28426.0,0.0
28426.0,28426.0,28426.0,0.0
28426.0,28426.0,28426.0,0.0
28426.0,28426.0,28426.0,0.0
28426.0,28426.0,28426.0,0.0
28426.0,28426.0,28426.0,0.0
28426.0,28426.0,28426.0,0.0
28426.0,28426.0,28426.0,0.0
28426.0,28426.0,28426.0,0.0
28426.0,28426.0,28426.0,0.0
28426.0,28426.0,28426.0,0.0
28426.0,28426.0,28426.0,0.0
28426.0,28426.0,28426.0,0.0
28426.0,28426.0,28426.0,0.0
28426.0,28426.0,28426.0,0.0
28426.0,28426.0,28426.0,0.0
28426.0,28426.0,28426.0,0.0
28426.0,28426.0,28426.0,0.0
28426.0,28426.0,28426.0,0.0
28426.0,28426.0,28426.0,0.0
28426.0,28426.0,28426.0,0.0
28426.0,28426.0,28426.0,0.0
28426.0,28426.0,28426.0,0.0
28426.0,28428.0,28426.033333333333,0.2560382247043703
28426.0,28428.0,28426.133333333335,0.49888749333172067
28426.0,28428.0,28426.433333333334,0.8239470843203524
28426.0,28428.0,28427.166666666668,0.9860132300164416
28426.0,28428.0,28427.833333333332,0.5527709301833793
28428.0,28428.0,28428.0,0.0
28428.0,28428.0,28428.0,0.0
28428.0,28428.0,28428.0,0.0
28428.0,28428.0,28428.0,0.0
28428.0,28428.0,28428.0,0.0
28428.0,28428.0,28428.0,0.0
28428.0,28428.0,28428.0,0.0
28428.0,28428.0,28428.0,0.0
28428.0,28428.0,28428.0,0.0
28428.0,28428.0,28428.0,0.0
28428.0,28428.0,28428.0,0.0
28428.0,28428.0,28428.0,0.0
27428.0,28428.0,28411.333333333332,128.0190957980688
28428.0,28428.0,28428.0,0.0
28428.0,28428.0,28428.0,0.0
28428.0,28428.0,28428.0,0.0
28428.0,28428.0,28428.0,0.0
28428.0,28428.0,28428.0,0.0
28427.0,28428.0,28427.983333333334,0.12801911235218516
28428.0,28428.0,28428.0,0.0
28428.0,28428.0,28428.0,0.0
28428.0,28428.0,28428.0,0.0
28428.0,28428.0,28428.0,0.0
28428.0,28428.0,28428.0,0.0
28428.0,28428.0,28428.0,0.0
28428.0,28428.0,28428.0,0.0
28428.0,28428.0,28428.0,0.0
28428.0,28428.0,28428.0,0.0
28428.0,28428.0,28428.0,0.0
28428.0,28428.0,28428.0,0.0
28428.0,28428.0,28428.0,0.0
28428.0,28428.0,28428.0,0.0
28428.0,28428.0,28428.0,0.0
28428.0,28428.0,28428.0,0.0
28428.0,28428.0,28428.0,0.0
28428.0,28428.0,28428.0,0.0
28428.0,28428.0,28428.0,0.0
28427.0,28428.0,28427.983333333334,0.12801911235218516
28428.0,28428.0,28428.0,0.0
28428.0,28428.0,28428.0,0.0
28428.0,28428.0,28428.0,0.0
28428.0,28428.0,28428.0,0.0
28427.0,28429.0,28428.0,0.1825740987768787
28425.0,28429.0,28427.983333333334,0.42785001959444596
28427.0,28429.0,28428.116666666665,0.36930883702546646
28428.0,28429.0,28428.416666666668,0.49300655455806996
28428.0,28429.0,28428.8,0.40000010728834623
28427.0,28429.0,28428.95,0.2843117947606371
28429.0,28429.0,28429.0,0.0
28429.0,28429.0,28429.0,0.0
28429.0,28429.0,28429.0,0.0
28429.0,28429.0,28429.0,0.0
28429.0,28429.0,28429.0,0.0
28429.0,28429.0,28429.0,0.0
28429.0,28429.0,28429.0,0.0
