-1.0,26111.0,20083.25,10076.87314369724
-1.0,26111.0,25046.35,3321.6545968588457
-1.0,26111.0,25180.683333333334,3303.7211872456064
-1.0,26120.0,25316.95,3313.069032508482
23548.0,26154.0,25767.466666666667,453.52388642231
23554.0,26154.0,25914.283333333333,461.1823605932025
23142.0,26154.0,26021.283333333333,454.86364593026053
26111.0,26154.0,26117.833333333332,9.794839918377525
26111.0,26154.0,26125.45,9.796980825336316
24159.0,26154.0,26097.683333333334,253.21588231275047
23846.0,26158.0,26069.766666666666,387.46253008803126
24151.0,26158.0,26115.766666666666,256.5843179586197
26152.0,26158.0,26154.466666666667,1.322455613702062
26154.0,26259.0,26157.15,13.387587533303117
26154.0,26259.0,26162.133333333335,22.27963693726603
26155.0,26259.0,26176.466666666667,39.10646437064478
26158.0,26259.0,26213.55,50.24686557450115
26158.0,26260.0,26253.966666666667,22.016635124365393
26259.0,26260.0,26259.083333333332,0.27638551900610125
26259.0,26260.0,26259.233333333334,0.42295247695221005
26259.0,26260.0,26259.583333333332,0.49300679635862865
26259.0,26260.0,26259.916666666668,0.27638530334839156
26162.0,26260.0,26258.366666666665,12.545871390444727
26260.0,26260.0,26260.0,0.0
26260.0,26260.0,26260.0,0.0
26260.0,26260.0,26260.0,0.0
26260.0,26260.0,26260.0,0.0
26260.0,26260.0,26260.0,0.0
26260.0,26260.0,26260.0,0.0
26260.0,26260.0,26260.0,0.0
26260.0,26260.0,26260.0,0.0
26260.0,26260.0,26260.0,0.0
26260.0,26260.0,26260.0,0.0
26260.0,26260.0,26260.0,0.0
26260.0,26260.0,26260.0,0.0
26260.0,26260.0,26260.0,0.0
26260.0,26260.0,26260.0,0.0
26161.0,26260.0,26258.35,12.673890486240618
26260.0,26260.0,26260.0,0.0
26260.0,26260.0,26260.0,0.0
26260.0,26260.0,26260.0,0.0
26260.0,26260.0,26260.0,0.0
26260.0,26260.0,26260.0,0.0
26260.0,26260.0,26260.0,0.0
26260.0,26260.0,26260.0,0.0
26260.0,26260.0,26260.0,0.0
26260.0,26260.0,26260.0,0.0
26260.0,26260.0,26260.0,0.0
26260.0,26260.0,26260.0,0.0
26260.0,26260.0,26260.0,0.0
26260.0,26260.0,26260.0,0.0
26260.0,26260.0,26260.0,0.0
26259.0,26260.0,26259.983333333334,0.12801864675957114
26260.0,26260.0,26260.0,0.0
26260.0,26260.0,26260.0,0.0
26260.0,26260.0,26260.0,0.0
26260.0,26260.0,26260.0,0.0
26260.0,26260.0,26260.0,0.0
26260.0,26260.0,26260.0,0.0
26158.0,26260.0,26258.3,13.057947771011463
26158.0,26260.0,26258.3,13.057947771011463
26260.0,26260.0,26260.0,0.0
26260.0,26260.0,26260.0,0.0
26260.0,26260.0,26260.0,0.0
26260.0,26260.0,26260.0,0.0
26260.0,26260.0,26260.0,0.0
26258.0,26260.0,26259.966666666667,0.2560379919083808
26260.0,26260.0,26260.0,0.0
26260.0,26260.0,26260.0,0.0
26260.0,26260.0,26260.0,0.0
26260.0,26260.0,26260.0,0.0
26260.0,26260.0,26260.0,0.0
26260.0,26260.0,26260.0,0.0
26260.0,26261.0,26260.016666666666,0.12801911235218516
26260.0,26261.0,26260.066666666666,0.249443866140955
26260.0,26261.0,26260.2,0.3999999582767465
26260.0,26261.0,26260.65,0.47696943575426065
26260.0,26261.0,26260.933333333334,0.249443866140955
26261.0,26261.0,26261.0,0.0
26261.0,26261.0,26261.0,0.0
26261.0,26261.0,26261.0,0.0
26260.0,26261.0,26260.983333333334,0.12801911235218516
26261.0,26262.0,26261.016666666666,0.12801911235218516
26261.0,26262.0,26261.1,0.30000005563099663
26261.0,26262.0,26261.333333333332,0.47140450674208195
26261.0,26262.0,26261.7,0.4582576111173416
26261.0,26262.0,26261.966666666667,0.1795056293423027
26262.0,26262.0,26262.0,0.0
26262.0,26262.0,26262.0,0.0
26262.0,26262.0,26262.0,0.0
26262.0,26262.0,26262.0,0.0
26262.0,26262.0,26262.0,0.0
26262.0,26262.0,26262.0,0.0
26262.0,26262.0,26262.0,0.0
26262.0,26262.0,26262.0,0.0
26262.0,26262.0,26262.0,0.0
26262.0,26263.0,26262.016666666666,0.12801911235218516
26262.0,26263.0,26262.05,0.21794497999521517
26262.0,26263.0,26262.183333333334,0.3869395540824029
26262.0,26263.0,26262.45,0.4974936610445816
26262.0,26263.0,26262.866666666665,0.33993476438184334
26263.0,26263.0,26263.0,0.0
26262.0,26263.0,26262.983333333334,0.12801911235218516
26263.0,26263.0,26263.0,0.0
26263.0,26263.0,26263.0,0.0
26263.0,26263.0,26263.0,0.0
26263.0,26263.0,26263.0,0.0
26263.0,26263.0,26263.0,0.0
26263.0,26263.0,26263.0,0.0
26263.0,26263.0,26263.0,0.0
26263.0,26263.0,26263.0,0.0
26263.0,26263.0,26263.0,0.0
26263.0,26263.0,26263.0,0.0
26263.0,26263.0,26263.0,0.0
26263.0,26263.0,26263.0,0.0
26262.0,26264.0,26263.0,0.1825740987768787
26263.0,26265.0,26263.116666666665,0.3693086756303093
26263.0,26265.0,26263.433333333334,0.587839624974573
26263.0,26265.0,26263.933333333334,0.6548961115851119
26263.0,26266.0,26264.466666666667,0.5906681589978887
26263.0,26266.0,26264.85,0.6006941038901283
26264.0,26266.0,26265.433333333334,0.6155394751303328
26264.0,26266.0,26265.85,0.4010403455572125
26265.0,26266.0,26265.983333333334,0.12801911235218516
26266.0,26266.0,26266.0,0.0
26265.0,26266.0,26265.983333333334,0.12801911235218516
26266.0,26266.0,26266.0,0.0
26265.0,26266.0,26265.983333333334,0.12801911235218516
26266.0,26266.0,26266.0,0.0
26266.0,26266.0,26266.0,0.0
26266.0,26266.0,26266.0,0.0
26266.0,26266.0,26266.0,0.0
26266.0,26266.0,26266.0,0.0
26266.0,26266.0,26266.0,0.0
26265.0,26266.0,26265.983333333334,0.12801911235218516
26266.0,26266.0,26266.0,0.0
26266.0,26266.0,26266.0,0.0
26266.0,26266.0,26266.0,0.0
26266.0,26266.0,26266.0,0.0
26265.0,26266.0,26265.983333333334,0.12801911235218516
26266.0,26267.0,26266.016666666666,0.12801911235218516
26266.0,26267.0,26266.083333333332,0.27638551900610125
26266.0,26267.0,26266.3,0.4582576111173416
26266.0,26267.0,26266.75,0.4330127018922193
26267.0,26267.0,26267.0,0.0
26267.0,26267.0,26267.0,0.0
26267.0,26267.0,26267.0,0.0
26267.0,26267.0,26267.0,0.0
26267.0,26267.0,26267.0,0.0
