-1.0,25771.0,15855.683333333332,11724.61210657829
-1.0,37221.0,19652.733333333334,10992.05939889741
-1.0,37221.0,23273.883333333335,8822.061252133131
-1.0,37221.0,25294.75,9499.167680425126
-1.0,37221.0,26140.716666666667,13385.349250943069
-1.0,37221.0,28869.116666666665,14719.745774629477
32349.0,37221.0,37139.8,623.7090347267705
37220.0,37221.0,37220.98333333333,0.1280200435323333
37221.0,37221.0,37221.0,0.0
37221.0,37221.0,37221.0,0.0
37221.0,37221.0,37221.0,0.0
37219.0,37221.0,37220.96666666667,0.2560382247043703
37221.0,37221.0,37221.0,0.0
37221.0,37221.0,37221.0,0.0
37221.0,37221.0,37221.0,0.0
37220.0,37221.0,37220.98333333333,0.1280200435323333
37221.0,37221.0,37221.0,0.0
37221.0,37221.0,37221.0,0.0
37221.0,37221.0,37221.0,0.0
37221.0,37221.0,37221.0,0.0
37221.0,37221.0,37221.0,0.0
37220.0,37221.0,37220.98333333333,0.1280200435323333
37219.0,37221.0,37220.96666666667,0.2560382247043703
37220.0,37221.0,37220.98333333333,0.1280200435323333
37221.0,37221.0,37221.0,0.0
37221.0,37221.0,37221.0,0.0
37221.0,37221.0,37221.0,0.0
37221.0,37221.0,37221.0,0.0
37221.0,37221.0,37221.0,0.0
37221.0,37221.0,37221.0,0.0
37221.0,37221.0,37221.0,0.0
37221.0,37221.0,37221.0,0.0
37221.0,37221.0,37221.0,0.0
37221.0,37221.0,37221.0,0.0
37221.0,37221.0,37221.0,0.0
37221.0,37221.0,37221.0,0.0
37221.0,37221.0,37221.0,0.0
37221.0,37221.0,37221.0,0.0
37221.0,37221.0,37221.0,0.0
37221.0,37221.0,37221.0,0.0
37221.0,37221.0,37221.0,0.0
37221.0,37221.0,37221.0,0.0
37221.0,37221.0,37221.0,0.0
37221.0,37221.0,37221.0,0.0
37221.0,37221.0,37221.0,0.0
37221.0,37221.0,37221.0,0.0
37221.0,37221.0,37221.0,0.0
37221.0,37221.0,37221.0,0.0
37221.0,37221.0,37221.0,0.0
37221.0,37221.0,37221.0,0.0
-1.0,37221.0,36600.63333333333,4765.1267837861205
37221.0,37221.0,37221.0,0.0
37221.0,37221.0,37221.0,0.0
37221.0,37221.0,37221.0,0.0
37221.0,37221.0,37221.0,0.0
37221.0,37221.0,37221.0,0.0
37221.0,37221.0,37221.0,0.0
37221.0,37221.0,37221.0,0.0
37221.0,37221.0,37221.0,0.0
37221.0,37221.0,37221.0,0.0
37221.0,37221.0,37221.0,0.0
37221.0,37221.0,37221.0,0.0
37221.0,37221.0,37221.0,0.0
37221.0,37221.0,37221.0,0.0
37221.0,37221.0,37221.0,0.0
37221.0,37221.0,37221.0,0.0
37221.0,37221.0,37221.0,0.0
37221.0,37221.0,37221.0,0.0
37221.0,37221.0,37221.0,0.0
37221.0,37221.0,37221.0,0.0
37219.0,37221.0,37220.96666666667,0.2560382247043703
37221.0,37221.0,37221.0,0.0
37221.0,37221.0,37221.0,0.0
37221.0,37221.0,37221.0,0.0
37221.0,37221.0,37221.0,0.0
37221.0,37221.0,37221.0,0.0
37221.0,37221.0,37221.0,0.0
37221.0,37221.0,37221.0,0.0
37221.0,37221.0,37221.0,0.0
37221.0,37221.0,37221.0,0.0
37221.0,37221.0,37221.0,0.0
37221.0,37221.0,37221.0,0.0
37218.0,37221.0,37220.95,0.3840576474509416
37221.0,37221.0,37221.0,0.0
37220.0,37221.0,37220.98333333333,0.1280200435323333
37221.0,37221.0,37221.0,0.0
37221.0,37221.0,37221.0,0.0
37221.0,37221.0,37221.0,0.0
37221.0,37221.0,37221.0,0.0
37221.0,37221.0,37221.0,0.0
37221.0,37221.0,37221.0,0.0
37221.0,37221.0,37221.0,0.0
37221.0,37221.0,37221.0,0.0
37221.0,37221.0,37221.0,0.0
37221.0,37221.0,37221.0,0.0
37221.0,37221.0,37221.0,0.0
37221.0,37221.0,37221.0,0.0
37221.0,37221.0,37221.0,0.0
37221.0,37221.0,37221.0,0.0
37221.0,37221.0,37221.0,0.0
37221.0,37221.0,37221.0,0.0
37221.0,37221.0,37221.0,0.0
37221.0,37221.0,37221.0,0.0
37221.0,37221.0,37221.0,0.0
37221.0,37221.0,37221.0,0.0
37221.0,37221.0,37221.0,0.0
37221.0,37221.0,37221.0,0.0
37221.0,37221.0,37221.0,0.0
37221.0,37221.0,37221.0,0.0
37221.0,37221.0,37221.0,0.0
37221.0,37221.0,37221.0,0.0
37220.0,37221.0,37220.98333333333,0.1280200435323333
37219.0,37221.0,37220.96666666667,0.2560382247043703
37221.0,37221.0,37221.0,0.0
37221.0,37221.0,37221.0,0.0
37221.0,37221.0,37221.0,0.0
37221.0,37221.0,37221.0,0.0
37221.0,37221.0,37221.0,0.0
37221.0,37221.0,37221.0,0.0
37221.0,37221.0,37221.0,0.0
37221.0,37221.0,37221.0,0.0
37220.0,37221.0,37220.98333333333,0.1280200435323333
37221.0,37221.0,37221.0,0.0
37221.0,37221.0,37221.0,0.0
37221.0,37221.0,37221.0,0.0
37221.0,37221.0,37221.0,0.0
37221.0,37221.0,37221.0,0.0
37221.0,37221.0,37221.0,0.0
37221.0,37221.0,37221.0,0.0
37221.0,37221.0,37221.0,0.0
37221.0,37221.0,37221.0,0.0
37221.0,37221.0,37221.0,0.0
37221.0,37221.0,37221.0,0.0
37221.0,37221.0,37221.0,0.0
37221.0,37221.0,37221.0,0.0
37221.0,37221.0,37221.0,0.0
37221.0,37221.0,37221.0,0.0
37221.0,37221.0,37221.0,0.0
37221.0,37221.0,37221.0,0.0
37221.0,37221.0,37221.0,0.0
37221.0,37221.0,37221.0,0.0
37221.0,37221.0,37221.0,0.0
37221.0,37221.0,37221.0,0.0
37221.0,37221.0,37221.0,0.0
37221.0,37221.0,37221.0,0.0
37221.0,37221.0,37221.0,0.0
37221.0,37221.0,37221.0,0.0
37221.0,37221.0,37221.0,0.0
37220.0,37221.0,37220.98333333333,0.1280200435323333
