-1.0,28234.0,19466.8,10560.686191089419
-1.0,36275.0,17636.95,12177.299302972177
-1.0,45311.0,21072.783333333333,12924.050728637243
-1.0,46325.0,23161.533333333333,15438.833624410303
-1.0,46325.0,31166.983333333334,14056.295974273904
-1.0,46325.0,39202.416666666664,9651.280457866156
-1.0,47352.0,39150.28333333333,14517.324553892691
-1.0,47352.0,41144.933333333334,13846.965229328121
-1.0,47354.0,45781.11666666667,5980.76790524333
-1.0,47380.0,46160.61666666667,6029.7228849858575
-1.0,47380.0,45693.083333333336,8489.674650797211
-1.0,47439.0,46572.51666666667,6063.369763015877
-1.0,47439.0,46583.8,6064.84928859188
-1.0,47439.0,45804.666666666664,8505.93522717456
-1.0,47439.0,42657.083333333336,14219.401397728454
-1.0,47439.0,45039.433333333334,10333.041505072715
-1.0,47439.0,46644.316666666666,6072.7207699450655
47439.0,47439.0,47439.0,0.0
47439.0,47439.0,47439.0,0.0
47439.0,47439.0,47439.0,0.0
47439.0,47439.0,47439.0,0.0
47439.0,47440.0,47439.01666666667,0.12801724997156907
47439.0,47440.0,47439.066666666666,0.2494443440407615
47439.0,47440.0,47439.166666666664,0.3726779251672715
47439.0,47440.0,47439.55,0.49749318180491964
47439.0,47440.0,47439.95,0.2179463474150519
47440.0,47440.0,47440.0,0.0
47440.0,47440.0,47440.0,0.0
47440.0,47440.0,47440.0,0.0
47440.0,47440.0,47440.0,0.0
47440.0,47440.0,47440.0,0.0
47440.0,47440.0,47440.0,0.0
47440.0,47440.0,47440.0,0.0
47440.0,47440.0,47440.0,0.0
47440.0,47440.0,47440.0,0.0
47440.0,47440.0,47440.0,0.0
47440.0,47440.0,47440.0,0.0
47440.0,47440.0,47440.0,0.0
47440.0,47440.0,47440.0,0.0
47440.0,47440.0,47440.0,0.0
47440.0,47440.0,47440.0,0.0
47440.0,47440.0,47440.0,0.0
47440.0,47440.0,47440.0,0.0
47440.0,47440.0,47440.0,0.0
47440.0,47440.0,47440.0,0.0
47440.0,47440.0,47440.0,0.0
47440.0,47440.0,47440.0,0.0
47440.0,47440.0,47440.0,0.0
47440.0,47440.0,47440.0,0.0
47440.0,47441.0,47440.01666666667,0.12801724997156907
47339.0,47441.0,47438.38333333333,12.941009321956521
47440.0,47441.0,47440.26666666667,0.4422162481337896
47440.0,47441.0,47440.61666666667,0.4861981934551915
47440.0,47441.0,47440.95,0.21794525347986887
47441.0,47441.0,47441.0,0.0
47441.0,47441.0,47441.0,0.0
47441.0,47441.0,47441.0,0.0
47441.0,47441.0,47441.0,0.0
47441.0,47441.0,47441.0,0.0
47441.0,47441.0,47441.0,0.0
47441.0,47441.0,47441.0,0.0
47440.0,47441.0,47440.98333333333,0.1280209747057083
47441.0,47441.0,47441.0,0.0
47441.0,47441.0,47441.0,0.0
47440.0,47441.0,47440.98333333333,0.1280209747057083
47441.0,47441.0,47441.0,0.0
47441.0,47441.0,47441.0,0.0
47441.0,47442.0,47441.01666666667,0.12801724997156907
47441.0,47442.0,47441.05,0.21794415953919502
47441.0,47442.0,47441.15,0.3570708338457522
47441.0,47443.0,47441.433333333334,0.5280991406853245
47440.0,47445.0,47441.9,0.8103497736633666
47441.0,47445.0,47442.65,1.0299676956740342
47441.0,47445.0,47443.7,1.1874343452373557
47443.0,47445.0,47444.61666666667,0.550504574374701
47444.0,47445.0,47444.98333333333,0.1280209747057083
47445.0,47445.0,47445.0,0.0
47445.0,47445.0,47445.0,0.0
47444.0,47445.0,47444.98333333333,0.1280209747057083
47445.0,47445.0,47445.0,0.0
47445.0,47445.0,47445.0,0.0
47444.0,47445.0,47444.98333333333,0.1280209747057083
47445.0,47445.0,47445.0,0.0
47444.0,47445.0,47444.98333333333,0.1280209747057083
47445.0,47445.0,47445.0,0.0
47444.0,47445.0,47444.98333333333,0.1280209747057083
47445.0,47445.0,47445.0,0.0
47445.0,47445.0,47445.0,0.0
47445.0,47445.0,47445.0,0.0
47445.0,47445.0,47445.0,0.0
47445.0,47445.0,47445.0,0.0
47445.0,47445.0,47445.0,0.0
47445.0,47445.0,47445.0,0.0
47445.0,47445.0,47445.0,0.0
47445.0,47445.0,47445.0,0.0
47445.0,47445.0,47445.0,0.0
47445.0,47445.0,47445.0,0.0
47445.0,47445.0,47445.0,0.0
47445.0,47445.0,47445.0,0.0
47445.0,47445.0,47445.0,0.0
47445.0,47445.0,47445.0,0.0
47445.0,47446.0,47445.01666666667,0.12801911235218516
47445.0,47446.0,47445.03333333333,0.1795056293423027
47445.0,47446.0,47445.1,0.3000002543130432
47445.0,47446.0,47445.3,0.4582576111173416
47445.0,47446.0,47445.61666666667,0.4861981934551915
47445.0,47446.0,47445.95,0.21794525347986887
47446.0,47446.0,47446.0,0.0
47446.0,47446.0,47446.0,0.0
47446.0,47446.0,47446.0,0.0
47445.0,47446.0,47445.98333333333,0.12801911235218516
47446.0,47446.0,47446.0,0.0
47446.0,47446.0,47446.0,0.0
47446.0,47446.0,47446.0,0.0
47446.0,47446.0,47446.0,0.0
47446.0,47446.0,47446.0,0.0
47446.0,47446.0,47446.0,0.0
47446.0,47446.0,47446.0,0.0
47446.0,47446.0,47446.0,0.0
47446.0,47446.0,47446.0,0.0
47446.0,47446.0,47446.0,0.0
47446.0,47446.0,47446.0,0.0
47446.0,47446.0,47446.0,0.0
47446.0,47446.0,47446.0,0.0
47446.0,47446.0,47446.0,0.0
47446.0,47446.0,47446.0,0.0
47446.0,47446.0,47446.0,0.0
47446.0,47446.0,47446.0,0.0
47446.0,47446.0,47446.0,0.0
47445.0,47446.0,47445.98333333333,0.12801911235218516
47446.0,47446.0,47446.0,0.0
47446.0,47446.0,47446.0,0.0
47446.0,47446.0,47446.0,0.0
47446.0,47446.0,47446.0,0.0
47446.0,47446.0,47446.0,0.0
47446.0,47446.0,47446.0,0.0
47446.0,47446.0,47446.0,0.0
47446.0,47447.0,47446.01666666667,0.12801911235218516
47446.0,47447.0,47446.083333333336,0.27638530334839156
47446.0,47447.0,47446.333333333336,0.4714041274202814
47346.0,47447.0,47445.01666666667,12.898955586019882
47446.0,47447.0,47446.98333333333,0.12801911235218516
47447.0,47447.0,47447.0,0.0
47347.0,47447.0,47445.333333333336,12.801909577711717
47447.0,47447.0,47447.0,0.0
47447.0,47447.0,47447.0,0.0
47447.0,47447.0,47447.0,0.0
47447.0,47447.0,47447.0,0.0
47447.0,47447.0,47447.0,0.0
