-1.0,25561.0,14779.383333333333,12081.093075672234
-1.0,25561.0,14268.95,12484.6641476987
-1.0,25614.0,20349.583333333332,10177.379789336197
-1.0,25614.0,21708.9,9120.06901600348
-1.0,25614.0,17043.033333333333,12051.962994973983
-1.0,25662.0,18753.466666666667,11309.395394194253
-1.0,25668.0,18776.733333333334,11323.446980883908
-1.0,25668.0,24349.1,5586.3636106147
25613.0,25669.0,25651.033333333333,21.199030377486125
25654.0,25669.0,25665.283333333333,3.6473354006488146
25662.0,25670.0,25668.05,1.2573119405498796
25668.0,25670.0,25668.783333333333,0.5193479974844901
25668.0,25671.0,25669.1,0.43588995999043034
25668.0,25671.0,25669.533333333333,0.7408703811988105
25669.0,25672.0,25670.283333333333,0.8183656387271474
25669.0,25672.0,25670.9,0.568624008811813
25671.0,25672.0,25671.4,0.48989795829003324
25670.0,25672.0,25671.766666666666,0.4606758280108571
25672.0,25672.0,25672.0,0.0
25672.0,25673.0,25672.016666666666,0.12801911235218516
25672.0,25673.0,25672.066666666666,0.249443866140955
25672.0,25673.0,25672.216666666667,0.4119735421601762
25672.0,25673.0,25672.633333333335,0.48189426250030504
25672.0,25674.0,25672.966666666667,0.3144660141477217
25673.0,25674.0,25673.166666666668,0.3726779251672715
25673.0,25674.0,25673.483333333334,0.4997221651631501
25673.0,25675.0,25673.9,0.3958113647521758
25673.0,25675.0,25674.166666666668,0.41499669475847806
25673.0,25675.0,25674.45,0.5605057226087968
25674.0,25675.0,25674.866666666665,0.33993476438184334
25675.0,25675.0,25675.0,0.0
25675.0,25675.0,25675.0,0.0
25675.0,25675.0,25675.0,0.0
25675.0,25675.0,25675.0,0.0
25675.0,25675.0,25675.0,0.0
25675.0,25675.0,25675.0,0.0
25675.0,25675.0,25675.0,0.0
25675.0,25675.0,25675.0,0.0
25675.0,25675.0,25675.0,0.0
25675.0,25675.0,25675.0,0.0
25675.0,25675.0,25675.0,0.0
25675.0,25675.0,25675.0,0.0
25675.0,25676.0,25675.016666666666,0.12801911235218516
25674.0,25676.0,25675.05,0.2843122140510213
25675.0,25676.0,25675.283333333333,0.45061693287478827
25675.0,25676.0,25675.65,0.47696943575426065
25675.0,25676.0,25675.95,0.21794497999521517
25676.0,25676.0,25676.0,0.0
25676.0,25676.0,25676.0,0.0
25676.0,25676.0,25676.0,0.0
25675.0,25676.0,25675.983333333334,0.12801911235218516
25676.0,25676.0,25676.0,0.0
25676.0,25676.0,25676.0,0.0
25676.0,25676.0,25676.0,0.0
25676.0,25676.0,25676.0,0.0
25676.0,25676.0,25676.0,0.0
25676.0,25676.0,25676.0,0.0
25676.0,25676.0,25676.0,0.0
25676.0,25676.0,25676.0,0.0
25676.0,25676.0,25676.0,0.0
25676.0,25676.0,25676.0,0.0
25676.0,25676.0,25676.0,0.0
25676.0,25676.0,25676.0,0.0
25676.0,25676.0,25676.0,0.0
25676.0,25676.0,25676.0,0.0
25676.0,25676.0,25676.0,0.0
25676.0,25676.0,25676.0,0.0
25676.0,25676.0,25676.0,0.0
25676.0,25676.0,25676.0,0.0
25676.0,25676.0,25676.0,0.0
25676.0,25676.0,25676.0,0.0
25676.0,25676.0,25676.0,0.0
25676.0,25676.0,25676.0,0.0
25676.0,25676.0,25676.0,0.0
25676.0,25676.0,25676.0,0.0
25676.0,25676.0,25676.0,0.0
25676.0,25676.0,25676.0,0.0
25676.0,25676.0,25676.0,0.0
25676.0,25676.0,25676.0,0.0
25676.0,25676.0,25676.0,0.0
25676.0,25676.0,25676.0,0.0
25676.0,25676.0,25676.0,0.0
25676.0,25676.0,25676.0,0.0
25676.0,25676.0,25676.0,0.0
25676.0,25676.0,25676.0,0.0
25676.0,25676.0,25676.0,0.0
25676.0,25676.0,25676.0,0.0
25676.0,25676.0,25676.0,0.0
25676.0,25676.0,25676.0,0.0
25676.0,25676.0,25676.0,0.0
25676.0,25676.0,25676.0,0.0
25676.0,25676.0,25676.0,0.0
25676.0,25676.0,25676.0,0.0
25676.0,25676.0,25676.0,0.0
25675.0,25676.0,25675.983333333334,0.12801911235218516
25676.0,25676.0,25676.0,0.0
25676.0,25676.0,25676.0,0.0
25676.0,25676.0,25676.0,0.0
25676.0,25676.0,25676.0,0.0
25676.0,25676.0,25676.0,0.0
25676.0,25676.0,25676.0,0.0
25674.0,25676.0,25675.966666666667,0.2560382247043703
25676.0,25676.0,25676.0,0.0
25676.0,25676.0,25676.0,0.0
25676.0,25676.0,25676.0,0.0
25676.0,25676.0,25676.0,0.0
25676.0,25676.0,25676.0,0.0
25575.0,25676.0,25674.316666666666,12.929928678815942
25676.0,25676.0,25676.0,0.0
25676.0,25676.0,25676.0,0.0
25676.0,25676.0,25676.0,0.0
25676.0,25676.0,25676.0,0.0
25675.0,25676.0,25675.983333333334,0.12801911235218516
25675.0,25676.0,25675.983333333334,0.12801911235218516
25675.0,25676.0,25675.983333333334,0.12801911235218516
25676.0,25676.0,25676.0,0.0
25676.0,25676.0,25676.0,0.0
25676.0,25676.0,25676.0,0.0
25675.0,25676.0,25675.983333333334,0.12801911235218516
25676.0,25676.0,25676.0,0.0
25676.0,25676.0,25676.0,0.0
25676.0,25676.0,25676.0,0.0
25676.0,25676.0,25676.0,0.0
25676.0,25676.0,25676.0,0.0
25676.0,25676.0,25676.0,0.0
25673.0,25676.0,25675.933333333334,0.4027682537107469
25676.0,25676.0,25676.0,0.0
25676.0,25676.0,25676.0,0.0
25675.0,25676.0,25675.983333333334,0.12801911235218516
25676.0,25676.0,25676.0,0.0
25676.0,25676.0,25676.0,0.0
25676.0,25676.0,25676.0,0.0
25676.0,25677.0,25676.016666666666,0.12801911235218516
25675.0,25677.0,25676.033333333333,0.2560382247043703
25676.0,25677.0,25676.15,0.3570713346254071
25676.0,25677.0,25676.516666666666,0.4997221651631501
25676.0,25677.0,25676.883333333335,0.3210225492739318
25677.0,25677.0,25677.0,0.0
25677.0,25677.0,25677.0,0.0
25677.0,25677.0,25677.0,0.0
25676.0,25678.0,25677.0,0.25819899747611036
25677.0,25678.0,25677.116666666665,0.32102273494508693
25677.0,25678.0,25677.35,0.47696968568486287
25677.0,25678.0,25677.85,0.3570715015518026
25677.0,25678.0,25677.983333333334,0.12801911235218516
25678.0,25678.0,25678.0,0.0
25678.0,25678.0,25678.0,0.0
25678.0,25678.0,25678.0,0.0
25678.0,25678.0,25678.0,0.0
