-1.0,27333.0,16573.416666666668,11355.147424981127
-1.0,27333.0,16174.616666666667,12325.835491751552
-1.0,27333.0,21999.216666666667,9274.309449750004
-1.0,29347.0,23482.666666666668,8590.727523841553
-1.0,29347.0,25621.4,6887.347690269934
-1.0,29368.0,25819.25,7841.7686007367
-1.0,29368.0,26437.166666666668,8012.511747607957
-1.0,29368.0,26861.133333333335,8103.2588207187055
-1.0,29391.0,28860.0,3757.4075814760035
-1.0,29391.0,26405.633333333335,8803.197419056829
-1.0,29391.0,27884.533333333333,6398.638049008734
-1.0,29391.0,27421.916666666668,7329.088199977913
29364.0,29391.0,29387.683333333334,6.753990592010719
29391.0,29391.0,29391.0,0.0
29391.0,29391.0,29391.0,0.0
29391.0,29391.0,29391.0,0.0
29391.0,29391.0,29391.0,0.0
29391.0,29391.0,29391.0,0.0
29391.0,29391.0,29391.0,0.0
29391.0,29391.0,29391.0,0.0
29391.0,29391.0,29391.0,0.0
29391.0,29391.0,29391.0,0.0
29390.0,29391.0,29390.983333333334,0.12801911235218516
29391.0,29391.0,29391.0,0.0
29391.0,29391.0,29391.0,0.0
29391.0,29391.0,29391.0,0.0
29391.0,29391.0,29391.0,0.0
29391.0,29391.0,29391.0,0.0
29391.0,29391.0,29391.0,0.0
29391.0,29391.0,29391.0,0.0
29390.0,29391.0,29390.983333333334,0.12801911235218516
29391.0,29391.0,29391.0,0.0
29391.0,29391.0,29391.0,0.0
29391.0,29391.0,29391.0,0.0
29391.0,29391.0,29391.0,0.0
29391.0,29391.0,29391.0,0.0
29391.0,29391.0,29391.0,0.0
29391.0,29391.0,29391.0,0.0
29391.0,29391.0,29391.0,0.0
29391.0,29391.0,29391.0,0.0
29391.0,29391.0,29391.0,0.0
29391.0,29391.0,29391.0,0.0
29391.0,29391.0,29391.0,0.0
29391.0,29391.0,29391.0,0.0
29391.0,29391.0,29391.0,0.0
29391.0,29391.0,29391.0,0.0
29391.0,29391.0,29391.0,0.0
29391.0,29391.0,29391.0,0.0
29391.0,29391.0,29391.0,0.0
29391.0,29391.0,29391.0,0.0
29391.0,29391.0,29391.0,0.0
29391.0,29391.0,29391.0,0.0
29391.0,29391.0,29391.0,0.0
29391.0,29391.0,29391.0,0.0
29391.0,29391.0,29391.0,0.0
29391.0,29391.0,29391.0,0.0
29391.0,29391.0,29391.0,0.0
29391.0,29391.0,29391.0,0.0
29391.0,29391.0,29391.0,0.0
29391.0,29391.0,29391.0,0.0
29391.0,29391.0,29391.0,0.0
29391.0,29391.0,29391.0,0.0
29391.0,29391.0,29391.0,0.0
29391.0,29391.0,29391.0,0.0
29391.0,29391.0,29391.0,0.0
29391.0,29391.0,29391.0,0.0
29391.0,29391.0,29391.0,0.0
-1.0,29391.0,28901.133333333335,3762.7372636892187
29391.0,29391.0,29391.0,0.0
29391.0,29391.0,29391.0,0.0
29391.0,29391.0,29391.0,0.0
29391.0,29391.0,29391.0,0.0
29391.0,29391.0,29391.0,0.0
29390.0,29391.0,29390.983333333334,0.12801911235218516
29391.0,29391.0,29391.0,0.0
29391.0,29391.0,29391.0,0.0
29391.0,29391.0,29391.0,0.0
29391.0,29391.0,29391.0,0.0
29391.0,29391.0,29391.0,0.0
29391.0,29391.0,29391.0,0.0
29391.0,29391.0,29391.0,0.0
29391.0,29391.0,29391.0,0.0
29391.0,29391.0,29391.0,0.0
29391.0,29391.0,29391.0,0.0
29391.0,29391.0,29391.0,0.0
29391.0,29391.0,29391.0,0.0
29391.0,29391.0,29391.0,0.0
29391.0,29391.0,29391.0,0.0
29391.0,29391.0,29391.0,0.0
29391.0,29391.0,29391.0,0.0
29391.0,29391.0,29391.0,0.0
29391.0,29391.0,29391.0,0.0
29391.0,29391.0,29391.0,0.0
29391.0,29391.0,29391.0,0.0
29391.0,29391.0,29391.0,0.0
29391.0,29391.0,29391.0,0.0
29391.0,29391.0,29391.0,0.0
29391.0,29391.0,29391.0,0.0
29391.0,29391.0,29391.0,0.0
29391.0,29391.0,29391.0,0.0
29391.0,29391.0,29391.0,0.0
29391.0,29391.0,29391.0,0.0
29391.0,29391.0,29391.0,0.0
29391.0,29391.0,29391.0,0.0
29391.0,29391.0,29391.0,0.0
29391.0,29391.0,29391.0,0.0
29391.0,29391.0,29391.0,0.0
29391.0,29391.0,29391.0,0.0
29391.0,29391.0,29391.0,0.0
29391.0,29391.0,29391.0,0.0
29391.0,29391.0,29391.0,0.0
29391.0,29391.0,29391.0,0.0
29391.0,29391.0,29391.0,0.0
29391.0,29391.0,29391.0,0.0
29391.0,29391.0,29391.0,0.0
29391.0,29391.0,29391.0,0.0
29391.0,29391.0,29391.0,0.0
29391.0,29391.0,29391.0,0.0
29391.0,29391.0,29391.0,0.0
29391.0,29391.0,29391.0,0.0
29390.0,29391.0,29390.983333333334,0.12801911235218516
29391.0,29391.0,29391.0,0.0
29391.0,29391.0,29391.0,0.0
29391.0,29391.0,29391.0,0.0
29389.0,29391.0,29390.966666666667,0.2560379919083808
29391.0,29391.0,29391.0,0.0
29391.0,29391.0,29391.0,0.0
29390.0,29391.0,29390.983333333334,0.12801911235218516
29391.0,29391.0,29391.0,0.0
29391.0,29391.0,29391.0,0.0
29391.0,29391.0,29391.0,0.0
29390.0,29391.0,29390.983333333334,0.12801911235218516
29391.0,29391.0,29391.0,0.0
29391.0,29391.0,29391.0,0.0
29391.0,29391.0,29391.0,0.0
29391.0,29391.0,29391.0,0.0
29390.0,29391.0,29390.983333333334,0.12801911235218516
29391.0,29391.0,29391.0,0.0
29391.0,29391.0,29391.0,0.0
29391.0,29391.0,29391.0,0.0
29390.0,29391.0,29390.983333333334,0.12801911235218516
29390.0,29391.0,29390.983333333334,0.12801911235218516
29391.0,29391.0,29391.0,0.0
29391.0,29391.0,29391.0,0.0
29391.0,29391.0,29391.0,0.0
29391.0,29391.0,29391.0,0.0
29391.0,29391.0,29391.0,0.0
29391.0,29391.0,29391.0,0.0
29391.0,29391.0,29391.0,0.0
