-1.0,125505.0,114590.0,35363.5503910576
-1.0,125509.0,120048.0,25594.53283333224
125505.0,125509.0,125505.34782608696,1.1270851309169083
125505.0,125509.0,125505.78260869565,1.5023613463039323

125505.0,125509.0,125506.91304347826,1.7671653307697088
125505.0,125509.0,125508.26086956522,1.1118883487442623
125508.0,125509.0,125508.86956521739,0.3367824131376639
125509.0,125509.0,125509.0,0.0

125509.0,125509.0,125509.0,0.0
125509.0,125509.0,125509.0,0.0
125509.0,125509.0,125509.0,0.0
125509.0,125509.0,125509.0,0.0

125508.0,125509.0,125508.95652173914,0.20393094318872687
125509.0,125509.0,125509.0,0.0
125509.0,125509.0,125509.0,0.0
125509.0,125509.0,125509.0,0.0

125509.0,125512.0,125510.17391304347,1.464126777662828
125509.0,125512.0,125511.08695652174,1.3803917337122011
125512.0,125512.0,125512.0,0.0
125512.0,125512.0,125512.0,0.0

125512.0,125513.0,125512.04347826086,0.20393094318872687
-1.0,125513.0,120055.08695652174,25596.04374476148
125512.0,125513.0,125512.47826086957,0.49952675357688553
125512.0,125513.0,125512.82608695653,0.37903207479143913

125513.0,125515.0,125513.34782608696,0.6983630522577702
125512.0,125516.0,125514.04347826086,1.0826004679443657
125514.0,125516.0,125514.95652173914,0.5499599095385129
125514.0,125516.0,125515.34782608696,0.560177565079989

125515.0,125518.0,125516.08695652174,0.5833209808494966
125516.0,125518.0,125516.56521739131,0.7704354023722662
125516.0,125518.0,125517.34782608696,0.6983630522577702
125517.0,125518.0,125517.86956521739,0.3367824131376639

125518.0,125518.0,125518.0,0.0
125518.0,125518.0,125518.0,0.0
125517.0,125518.0,125517.95652173914,0.20392626667796118
125516.0,125518.0,125517.91304347826,0.407864224599324

125518.0,125518.0,125518.0,0.0
125518.0,125519.0,125518.08695652174,0.28176832121588885
125518.0,125519.0,125518.34782608696,0.4762802538936749
125518.0,125519.0,125518.69565217392,0.46012781440684536

125518.0,125519.0,125518.95652173914,0.20392626667796118
125518.0,125519.0,125518.95652173914,0.20392626667796118
125519.0,125519.0,125519.0,0.0
125519.0,125519.0,125519.0,0.0

125519.0,125519.0,125519.0,0.0
125519.0,125519.0,125519.0,0.0
125519.0,125519.0,125519.0,0.0
125519.0,125519.0,125519.0,0.0

125519.0,125519.0,125519.0,0.0
125519.0,125519.0,125519.0,0.0
125519.0,125519.0,125519.0,0.0
125519.0,125520.0,125519.04347826086,0.20393094318872687

125519.0,125520.0,125519.26086956522,0.4391079373453052
125518.0,125520.0,125519.56521739131,0.5768021579104201
125519.0,125520.0,125519.91304347826,0.28177509034349707
125520.0,125520.0,125520.0,0.0

125519.0,125521.0,125520.0,0.2948830686389469
125520.0,125521.0,125520.17391304347,0.37903710691430825
125520.0,125521.0,125520.52173913043,0.49952866272887214
125520.0,125521.0,125520.82608695653,0.37903207479143913

125521.0,125522.0,125521.47826086957,0.49952675357688553
125521.0,125522.0,125521.78260869565,0.4124725332652372
125522.0,125523.0,125522.08695652174,0.28176832121588885
125522.0,125524.0,125522.26086956522,0.605583721443004

125522.0,125524.0,125522.82608695653,0.701064417688577
125522.0,125524.0,125523.30434782608,0.5465139014316176
125523.0,125524.0,125523.82608695653,0.37903207479143913
125524.0,125524.0,125524.0,0.0

125524.0,125524.0,125524.0,0.0
125524.0,125524.0,125524.0,0.0
125524.0,125524.0,125524.0,0.0
125524.0,125524.0,125524.0,0.0

125523.0,125525.0,125524.0,0.41702992181434245
125523.0,125526.0,125524.21739130435,0.5865524117156566
125521.0,125526.0,125524.73913043478,1.072071718008962
125524.0,125526.0,125525.56521739131,0.5768021579104201

125526.0,125527.0,125526.21739130435,0.4124702211670673
125526.0,125527.0,125526.47826086957,0.4995248444176022
125526.0,125527.0,125526.91304347826,0.28177509034349707
125523.0,125527.0,125526.65217391304,1.1270859770588122

125527.0,125528.0,125527.08695652174,0.2817717058000202
125525.0,125529.0,125526.95652173914,0.8064005866366478
125527.0,125529.0,125527.73913043478,0.7352834723206886
125527.0,125529.0,125528.30434782608,0.6874528348523151

125528.0,125529.0,125528.91304347826,0.28177509034349707
125525.0,125529.0,125528.82608695653,0.8157237727549075
125529.0,125529.0,125529.0,0.0
125529.0,125529.0,125529.0,0.0

125529.0,125529.0,125529.0,0.0
125526.0,125529.0,125528.73913043478,0.845313989211373
125529.0,125529.0,125529.0,0.0
125529.0,125529.0,125529.0,0.0

125529.0,125529.0,125529.0,0.0
125529.0,125529.0,125529.0,0.0
125529.0,125529.0,125529.0,0.0
125527.0,125529.0,125528.91304347826,0.407864224599324

125529.0,125529.0,125529.0,0.0
125527.0,125529.0,125528.91304347826,0.407864224599324
125528.0,125529.0,125528.91304347826,0.28177509034349707
125526.0,125530.0,125528.86956521739,0.6791513016099694

125529.0,125530.0,125529.08695652174,0.2817717058000202
125529.0,125530.0,125529.43478260869,0.4957302894694462
125529.0,125530.0,125529.86956521739,0.3367824131376639
125530.0,125530.0,125530.0,0.0

125530.0,125530.0,125530.0,0.0
125530.0,125530.0,125530.0,0.0
125530.0,125530.0,125530.0,0.0
125530.0,125530.0,125530.0,0.0

125529.0,125530.0,125529.86956521739,0.3367824131376639
125530.0,125530.0,125530.0,0.0
125530.0,125530.0,125530.0,0.0
125529.0,125530.0,125529.95652173914,0.20392626667796118

125530.0,125530.0,125530.0,0.0
125530.0,125530.0,125530.0,0.0
125530.0,125530.0,125530.0,0.0
125528.0,125530.0,125529.73913043478,0.6735619945469362

125530.0,125530.0,125530.0,0.0
125530.0,125530.0,125530.0,0.0
125530.0,125530.0,125530.0,0.0
125530.0,125530.0,125530.0,0.0
