-1.0,125505.0,114589.86956521739,35363.51013748291
-1.0,125505.0,114590.86956521739,35363.81873106829
125505.0,125505.0,125505.0,0.0
125505.0,125505.0,125505.0,0.0

125505.0,125507.0,125505.08695652174,0.40785954814217873
125505.0,125507.0,125505.26086956522,0.6055821466391863
125505.0,125507.0,125505.82608695653,0.9161436727533387
125505.0,125507.0,125506.73913043478,0.6735619945469362

125505.0,125507.0,125506.91304347826,0.407864224599324
125507.0,125507.0,125507.0,0.0
125507.0,125507.0,125507.0,0.0
125507.0,125507.0,125507.0,0.0

125507.0,125507.0,125507.0,0.0
125507.0,125507.0,125507.0,0.0
125507.0,125507.0,125507.0,0.0
125507.0,125507.0,125507.0,0.0

125507.0,125507.0,125507.0,0.0
125507.0,125507.0,125507.0,0.0
125507.0,125507.0,125507.0,0.0
125507.0,125507.0,125507.0,0.0

125507.0,125507.0,125507.0,0.0
125507.0,125507.0,125507.0,0.0
125507.0,125507.0,125507.0,0.0
125507.0,125507.0,125507.0,0.0

125507.0,125507.0,125507.0,0.0
125507.0,125507.0,125507.0,0.0
125507.0,125507.0,125507.0,0.0
125507.0,125507.0,125507.0,0.0

125507.0,125507.0,125507.0,0.0
125507.0,125507.0,125507.0,0.0
125505.0,125507.0,125506.91304347826,0.407864224599324
125507.0,125507.0,125507.0,0.0

125507.0,125507.0,125507.0,0.0
125507.0,125507.0,125507.0,0.0
125507.0,125507.0,125507.0,0.0
125507.0,125507.0,125507.0,0.0

125507.0,125508.0,125507.04347826086,0.20393561959225406
125507.0,125508.0,125507.21739130435,0.41246790905593683
125507.0,125508.0,125507.47826086957,0.49952675357688553
125507.0,125508.0,125507.82608695653,0.3790345908612246

125508.0,125509.0,125508.21739130435,0.4124702211670673
125508.0,125509.0,125508.43478260869,0.4957283656891424
125508.0,125509.0,125508.86956521739,0.3367824131376639
125509.0,125509.0,125509.0,0.0

125509.0,125509.0,125509.0,0.0
125509.0,125509.0,125509.0,0.0
125507.0,125509.0,125508.91304347826,0.407864224599324
125509.0,125509.0,125509.0,0.0

125509.0,125509.0,125509.0,0.0
125509.0,125509.0,125509.0,0.0
125508.0,125509.0,125508.91304347826,0.2817717058000202
125509.0,125509.0,125509.0,0.0

125509.0,125510.0,125509.13043478261,0.3367824131376639
125509.0,125510.0,125509.39130434782,0.4880409564982498
125509.0,125510.0,125509.73913043478,0.4391079373453052
125510.0,125510.0,125510.0,0.0

125510.0,125510.0,125510.0,0.0
125510.0,125510.0,125510.0,0.0
125508.0,125510.0,125509.91304347826,0.407864224599324
125510.0,125510.0,125510.0,0.0

125510.0,125510.0,125510.0,0.0
125510.0,125510.0,125510.0,0.0
125509.0,125510.0,125509.95652173914,0.20392626667796118
125510.0,125510.0,125510.0,0.0

125510.0,125511.0,125510.34782608696,0.4762802538936749
125510.0,125513.0,125511.04347826086,0.8586278268231918
125511.0,125513.0,125511.60869565218,0.8717361613105903
125511.0,125513.0,125512.26086956522,0.8952718941898976

125511.0,125513.0,125512.82608695653,0.48023249082007957
125512.0,125513.0,125512.95652173914,0.20393094318872687
125513.0,125514.0,125513.04347826086,0.20393561959225406
125513.0,125514.0,125513.17391304347,0.37903710691430825

125513.0,125514.0,125513.47826086957,0.49952675357688553
125513.0,125514.0,125513.86956521739,0.3367795814033198
125514.0,125515.0,125514.08695652174,0.28176832121588885
125514.0,125515.0,125514.43478260869,0.4957302894694462

125514.0,125515.0,125514.82608695653,0.37903207479143913
125515.0,125515.0,125515.0,0.0
125515.0,125515.0,125515.0,0.0
125515.0,125515.0,125515.0,0.0

125515.0,125515.0,125515.0,0.0
125515.0,125515.0,125515.0,0.0
125515.0,125515.0,125515.0,0.0
125515.0,125515.0,125515.0,0.0

125514.0,125517.0,125515.30434782608,0.8564235984633322
125515.0,125517.0,125516.04347826086,0.806401769266761
125516.0,125518.0,125516.91304347826,0.40786188637745374
125517.0,125518.0,125517.13043478261,0.3367824131376639

125517.0,125518.0,125517.30434782608,0.460131959646454
125517.0,125518.0,125517.56521739131,0.495726441901373
125517.0,125519.0,125517.95652173914,0.3585301295006678
125517.0,125519.0,125518.0,0.5107543243658329

125518.0,125519.0,125518.34782608696,0.4762802538936749
125518.0,125519.0,125518.86956521739,0.3367795814033198
125519.0,125519.0,125519.0,0.0
125519.0,125519.0,125519.0,0.0

125519.0,125519.0,125519.0,0.0
125519.0,125519.0,125519.0,0.0
125519.0,125519.0,125519.0,0.0
125518.0,125519.0,125518.91304347826,0.2817717058000202

125519.0,125519.0,125519.0,0.0
125519.0,125519.0,125519.0,0.0
125519.0,125519.0,125519.0,0.0
125519.0,125519.0,125519.0,0.0

125519.0,125519.0,125519.0,0.0
125519.0,125519.0,125519.0,0.0
125518.0,125519.0,125518.82608695653,0.37903207479143913
125519.0,125519.0,125519.0,0.0

125519.0,125519.0,125519.0,0.0
125519.0,125519.0,125519.0,0.0
125519.0,125519.0,125519.0,0.0
125519.0,125519.0,125519.0,0.0

125519.0,125519.0,125519.0,0.0
125519.0,125519.0,125519.0,0.0
125519.0,125519.0,125519.0,0.0
125519.0,125519.0,125519.0,0.0

125519.0,125519.0,125519.0,0.0
125519.0,125519.0,125519.0,0.0
125519.0,125519.0,125519.0,0.0
125518.0,125519.0,125518.95652173914,0.20392626667796118
