-1.0,125505.0,103676.47826086957,47570.489542288764
125503.0,125505.0,125504.30434782608,0.6209954717842655
125504.0,125505.0,125504.91304347826,0.2817717058000202
125504.0,125505.0,125504.86956521739,0.3367795814033198

125505.0,125505.0,125505.0,0.0
125505.0,125505.0,125505.0,0.0
125505.0,125505.0,125505.0,0.0
125505.0,125505.0,125505.0,0.0

125505.0,125505.0,125505.0,0.0
125505.0,125505.0,125505.0,0.0
125505.0,125505.0,125505.0,0.0
125505.0,125505.0,125505.0,0.0

125505.0,125505.0,125505.0,0.0
125505.0,125505.0,125505.0,0.0
125504.0,125505.0,125504.95652173914,0.20393094318872687
125504.0,125505.0,125504.95652173914,0.20393094318872687

125503.0,125506.0,125505.21739130435,0.6565071691977231
125505.0,125506.0,125505.52173913043,0.49952866272887214
125505.0,125506.0,125505.91304347826,0.28177509034349707
125505.0,125506.0,125505.95652173914,0.20392626667796118

125506.0,125507.0,125506.04347826086,0.20393561959225406
125505.0,125508.0,125506.13043478261,0.6117928295661806
125506.0,125508.0,125506.60869565218,0.920260810371954
125506.0,125509.0,125507.47826086957,0.9264032391058341

125506.0,125509.0,125508.04347826086,0.6240303146628087
125508.0,125509.0,125508.52173913043,0.49952675357688553
125508.0,125509.0,125508.82608695653,0.3790345908612246
125509.0,125509.0,125509.0,0.0

125509.0,125509.0,125509.0,0.0
125509.0,125509.0,125509.0,0.0
125507.0,125509.0,125508.91304347826,0.407864224599324
125509.0,125509.0,125509.0,0.0

125509.0,125509.0,125509.0,0.0
125509.0,125509.0,125509.0,0.0
125507.0,125509.0,125508.91304347826,0.407864224599324
125509.0,125509.0,125509.0,0.0

125509.0,125509.0,125509.0,0.0
125508.0,125509.0,125508.91304347826,0.2817717058000202
125509.0,125509.0,125509.0,0.0
125509.0,125509.0,125509.0,0.0

125509.0,125509.0,125509.0,0.0
125509.0,125509.0,125509.0,0.0
125509.0,125509.0,125509.0,0.0
125509.0,125509.0,125509.0,0.0

125509.0,125509.0,125509.0,0.0
125509.0,125509.0,125509.0,0.0
125509.0,125509.0,125509.0,0.0
125509.0,125509.0,125509.0,0.0

125509.0,125511.0,125509.52173913043,0.8272308704865513
125509.0,125511.0,125510.04347826086,0.9078533852803762
125509.0,125511.0,125510.86956521739,0.4476364797117746
125511.0,125511.0,125511.0,0.0

125510.0,125511.0,125510.91304347826,0.2817717058000202
125511.0,125511.0,125511.0,0.0
125511.0,125511.0,125511.0,0.0
125511.0,125511.0,125511.0,0.0

125511.0,125511.0,125511.0,0.0
125511.0,125511.0,125511.0,0.0
125510.0,125511.0,125510.95652173914,0.20392626667796118
125511.0,125511.0,125511.0,0.0

125511.0,125512.0,125511.30434782608,0.460131959646454
125510.0,125513.0,125511.73913043478,0.6055821466391863
125511.0,125513.0,125512.0,0.41702992181434245
125512.0,125513.0,125512.30434782608,0.460131959646454

125512.0,125513.0,125512.73913043478,0.4391101091847935
125512.0,125513.0,125512.95652173914,0.20393094318872687
125513.0,125513.0,125513.0,0.0
125513.0,125513.0,125513.0,0.0

125513.0,125513.0,125513.0,0.0
125513.0,125513.0,125513.0,0.0
125513.0,125513.0,125513.0,0.0
125511.0,125513.0,125512.91304347826,0.40786188637745374

125512.0,125513.0,125512.95652173914,0.20393094318872687
125513.0,125513.0,125513.0,0.0
125513.0,125513.0,125513.0,0.0
125513.0,125513.0,125513.0,0.0

125513.0,125513.0,125513.0,0.0
125513.0,125513.0,125513.0,0.0
125513.0,125513.0,125513.0,0.0
125513.0,125513.0,125513.0,0.0

125512.0,125513.0,125512.91304347826,0.2817717058000202
125512.0,125513.0,125512.95652173914,0.20393094318872687
125513.0,125513.0,125513.0,0.0
125513.0,125513.0,125513.0,0.0

125513.0,125515.0,125513.21739130435,0.5070400525285592
125512.0,125516.0,125513.60869565218,0.9663518941236506
125513.0,125516.0,125514.60869565218,1.010343463776018
125514.0,125516.0,125515.47826086957,0.5800715487842723

125515.0,125516.0,125515.78260869565,0.4124725332652372
125515.0,125516.0,125515.95652173914,0.20393094318872687
125516.0,125516.0,125516.0,0.0
125516.0,125516.0,125516.0,0.0

125516.0,125516.0,125516.0,0.0
125516.0,125516.0,125516.0,0.0
125515.0,125516.0,125515.95652173914,0.20393094318872687
125516.0,125516.0,125516.0,0.0

125516.0,125516.0,125516.0,0.0
125516.0,125516.0,125516.0,0.0
125516.0,125516.0,125516.0,0.0
-1.0,125516.0,114601.47826086957,35367.09261921996

125516.0,125517.0,125516.39130434782,0.48804291058098503
125516.0,125517.0,125516.82608695653,0.37903207479143913
125515.0,125518.0,125516.73913043478,0.7352834723206886
125517.0,125518.0,125517.21739130435,0.41246790905593683

125517.0,125518.0,125517.78260869565,0.4124725332652372
125518.0,125518.0,125518.0,0.0
125518.0,125518.0,125518.0,0.0
125518.0,125518.0,125518.0,0.0

125518.0,125519.0,125518.34782608696,0.4762802538936749
125518.0,125519.0,125518.73913043478,0.4391079373453052
125519.0,125519.0,125519.0,0.0
125519.0,125519.0,125519.0,0.0

125519.0,125519.0,125519.0,0.0
125519.0,125519.0,125519.0,0.0
125519.0,125519.0,125519.0,0.0
125519.0,125519.0,125519.0,0.0

125519.0,125519.0,125519.0,0.0
125519.0,125519.0,125519.0,0.0
125519.0,125519.0,125519.0,0.0
125519.0,125519.0,125519.0,0.0
