-1.0,125507.0,103676.86956521739,47570.66908825991
125501.0,125507.0,125504.60869565218,1.3101320249698358
-1.0,125511.0,120049.56521739131,25594.866568914334
125505.0,125511.0,125507.78260869565,1.9327052685682231

125507.0,125513.0,125509.47826086957,1.5567398709736018
125508.0,125513.0,125510.73913043478,1.3583040074340236
125509.0,125513.0,125511.73913043478,1.0307190424091162
125511.0,125513.0,125512.47826086957,0.7144207145635273

125512.0,125515.0,125513.17391304347,0.7605597653151335
125513.0,125515.0,125514.04347826086,0.9990554163075818
125513.0,125516.0,125515.04347826086,0.750552927284461
125515.0,125516.0,125515.69565217392,0.46012988703131763

125515.0,125516.0,125515.91304347826,0.28177509034349707
125516.0,125516.0,125516.0,0.0
125516.0,125516.0,125516.0,0.0
125516.0,125516.0,125516.0,0.0

125516.0,125516.0,125516.0,0.0
125516.0,125516.0,125516.0,0.0
125516.0,125516.0,125516.0,0.0
125516.0,125516.0,125516.0,0.0

125515.0,125516.0,125515.95652173914,0.20393094318872687
125516.0,125516.0,125516.0,0.0
125516.0,125516.0,125516.0,0.0
125516.0,125516.0,125516.0,0.0

125516.0,125520.0,125517.04347826086,1.7564360930655682
125515.0,125521.0,125517.73913043478,2.0047198869046947
125516.0,125521.0,125519.39130434782,1.5808402393748577
125516.0,125521.0,125520.13043478261,0.9914567313782848

125520.0,125521.0,125520.60869565218,0.48804291058098503
125520.0,125521.0,125520.91304347826,0.2817717058000202
125521.0,125521.0,125521.0,0.0
125521.0,125521.0,125521.0,0.0

125521.0,125521.0,125521.0,0.0
125521.0,125521.0,125521.0,0.0
125521.0,125521.0,125521.0,0.0
125520.0,125522.0,125520.91304347826,0.40786188637745374

125521.0,125522.0,125521.17391304347,0.37903710691430825
125521.0,125522.0,125521.43478260869,0.4957302894694462
-1.0,125522.0,109149.08695652174,42273.64690649539
125522.0,125522.0,125522.0,0.0

125522.0,125523.0,125522.39130434782,0.48804291058098503
125522.0,125523.0,125522.78260869565,0.4124725332652372
125523.0,125523.0,125523.0,0.0
125523.0,125523.0,125523.0,0.0

125522.0,125523.0,125522.95652173914,0.20392626667796118
125523.0,125523.0,125523.0,0.0
125523.0,125523.0,125523.0,0.0
125523.0,125523.0,125523.0,0.0

125523.0,125524.0,125523.26086956522,0.4391101091847935
125523.0,125524.0,125523.69565217392,0.46012781440684536
125523.0,125524.0,125523.91304347826,0.2817717058000202
125524.0,125524.0,125524.0,0.0

125524.0,125525.0,125524.21739130435,0.4124702211670673
125524.0,125525.0,125524.43478260869,0.4957302894694462
125524.0,125525.0,125524.91304347826,0.28177509034349707
125525.0,125525.0,125525.0,0.0

125524.0,125526.0,125524.95652173914,0.46421964405837834
125524.0,125526.0,125525.26086956522,0.5289363970821096
125525.0,125526.0,125525.73913043478,0.4391079373453052
125525.0,125527.0,125526.0,0.2948830686389469

125526.0,125527.0,125526.26086956522,0.4391079373453052
125524.0,125527.0,125526.34782608696,0.6983630522577702
125526.0,125527.0,125526.95652173914,0.20392626667796118
125527.0,125527.0,125527.0,0.0

125527.0,125527.0,125527.0,0.0
125527.0,125527.0,125527.0,0.0
125525.0,125527.0,125526.91304347826,0.407864224599324
125527.0,125527.0,125527.0,0.0

125527.0,125527.0,125527.0,0.0
125527.0,125527.0,125527.0,0.0
125525.0,125527.0,125526.91304347826,0.407864224599324
125527.0,125527.0,125527.0,0.0

125527.0,125527.0,125527.0,0.0
125527.0,125527.0,125527.0,0.0
125527.0,125527.0,125527.0,0.0
125527.0,125527.0,125527.0,0.0

125527.0,125530.0,125527.91304347826,1.3803924245842591
125527.0,125530.0,125528.86956521739,1.2956228070900702
125528.0,125530.0,125529.82608695653,0.48023249082007957
125530.0,125530.0,125530.0,0.0

125530.0,125530.0,125530.0,0.0
125530.0,125530.0,125530.0,0.0
125530.0,125530.0,125530.0,0.0
125526.0,125530.0,125529.65217391304,1.1270859770588122

125530.0,125530.0,125530.0,0.0
125530.0,125530.0,125530.0,0.0
125530.0,125530.0,125530.0,0.0
125529.0,125530.0,125529.95652173914,0.20392626667796118

125529.0,125532.0,125530.56521739131,0.9243596102637296
125530.0,125532.0,125531.73913043478,0.6055805718312735
125532.0,125532.0,125532.0,0.0
125532.0,125532.0,125532.0,0.0

125532.0,125532.0,125532.0,0.0
125532.0,125532.0,125532.0,0.0
125531.0,125532.0,125531.95652173914,0.20393094318872687
125532.0,125532.0,125532.0,0.0

125532.0,125532.0,125532.0,0.0
125530.0,125533.0,125531.95652173914,0.46421964405837834
125532.0,125533.0,125532.13043478261,0.3367824131376639
125532.0,125533.0,125532.52173913043,0.49952675357688553

125532.0,125533.0,125532.78260869565,0.4124725332652372
125532.0,125533.0,125532.91304347826,0.28177509034349707
125533.0,125533.0,125533.0,0.0
125533.0,125533.0,125533.0,0.0

125533.0,125533.0,125533.0,0.0
125533.0,125533.0,125533.0,0.0
125533.0,125533.0,125533.0,0.0
125531.0,125533.0,125532.91304347826,0.407864224599324

125530.0,125533.0,125532.73913043478,0.845313989211373
125533.0,125533.0,125533.0,0.0
125533.0,125533.0,125533.0,0.0
125533.0,125533.0,125533.0,0.0

125533.0,125537.0,125533.95652173914,1.3014453189484723
125533.0,125537.0,125534.91304347826,1.3803924245842591
125533.0,125537.0,125536.04347826086,1.1601455636608002
125537.0,125537.0,125537.0,0.0

125537.0,125537.0,125537.0,0.0
125537.0,125537.0,125537.0,0.0
125536.0,125537.0,125536.86956521739,0.3367795814033198
125537.0,125537.0,125537.0,0.0
