125499.0,125505.0,125502.82608695653,1.948291382132658
-1.0,125505.0,114590.82608695653,35363.80529968602
125504.0,125505.0,125504.86956521739,0.3367795814033198
125504.0,125505.0,125504.95652173914,0.20393094318872687

125505.0,125505.0,125505.0,0.0
125505.0,125505.0,125505.0,0.0
125505.0,125505.0,125505.0,0.0
125505.0,125505.0,125505.0,0.0

125505.0,125505.0,125505.0,0.0
125505.0,125505.0,125505.0,0.0
125505.0,125505.0,125505.0,0.0
125505.0,125505.0,125505.0,0.0

125505.0,125509.0,125505.17391304347,0.8157261109801289
125505.0,125509.0,125505.52173913043,1.3471246970272723
125505.0,125509.0,125506.04347826086,1.6805349651718167
125505.0,125509.0,125507.78260869565,1.692863136451049

125505.0,125509.0,125508.69565217392,0.8564213713515194
125509.0,125509.0,125509.0,0.0
125509.0,125509.0,125509.0,0.0
125509.0,125510.0,125509.08695652174,0.28176832121588885

125509.0,125510.0,125509.21739130435,0.4124702211670673
125509.0,125510.0,125509.47826086957,0.49952675357688553
125509.0,125510.0,125509.82608695653,0.3790345908612246
125510.0,125510.0,125510.0,0.0

125510.0,125510.0,125510.0,0.0
125508.0,125512.0,125510.0,0.8846513619650187
-1.0,125512.0,120053.52173913043,25595.710047940123
125509.0,125512.0,125511.13043478261,0.8994845715779877

125511.0,125513.0,125511.91304347826,0.407864224599324
125512.0,125513.0,125512.17391304347,0.37903710691430825
125511.0,125513.0,125512.30434782608,0.5465139014316176
125512.0,125513.0,125512.69565217392,0.46012781440684536

125512.0,125514.0,125513.0,0.2948830686389469
125513.0,125514.0,125513.21739130435,0.4124702211670673
125513.0,125514.0,125513.56521739131,0.495726441901373
125513.0,125514.0,125513.91304347826,0.28177509034349707

125514.0,125517.0,125514.78260869565,1.249574970464567
125514.0,125517.0,125515.56521739131,1.3130143383954462
125514.0,125517.0,125516.34782608696,1.0047143437194404
125516.0,125517.0,125516.95652173914,0.20393094318872687

125517.0,125517.0,125517.0,0.0
125517.0,125517.0,125517.0,0.0
125517.0,125518.0,125517.04347826086,0.20393561959225406
125517.0,125518.0,125517.17391304347,0.37903710691430825

125516.0,125518.0,125517.52173913043,0.5800731928451937
125517.0,125518.0,125517.95652173914,0.20392626667796118
125516.0,125519.0,125517.95652173914,0.46421964405837834
125518.0,125519.0,125518.08695652174,0.28176832121588885

125518.0,125519.0,125518.17391304347,0.37903710691430825
125518.0,125519.0,125518.39130434782,0.48804291058098503
125518.0,125519.0,125518.95652173914,0.20392626667796118
125519.0,125519.0,125519.0,0.0

125518.0,125520.0,125519.0,0.2948830686389469
125519.0,125520.0,125519.13043478261,0.3367824131376639
125519.0,125520.0,125519.30434782608,0.46013403225225447
125519.0,125520.0,125519.65217391304,0.4762802538936749

125518.0,125520.0,125519.78260869565,0.5865540376112723
125519.0,125520.0,125519.91304347826,0.28177509034349707
125520.0,125520.0,125520.0,0.0
125519.0,125520.0,125519.91304347826,0.28177509034349707

125520.0,125520.0,125520.0,0.0
125520.0,125520.0,125520.0,0.0
125519.0,125521.0,125520.0,0.41702992181434245
125519.0,125521.0,125520.34782608696,0.560177565079989

125520.0,125522.0,125520.91304347826,0.40786188637745374
125521.0,125522.0,125521.30434782608,0.460131959646454
125521.0,125522.0,125521.78260869565,0.4124725332652372
125522.0,125522.0,125522.0,0.0

125522.0,125522.0,125522.0,0.0
125522.0,125522.0,125522.0,0.0
125522.0,125522.0,125522.0,0.0
125522.0,125522.0,125522.0,0.0

125522.0,125522.0,125522.0,0.0
125522.0,125522.0,125522.0,0.0
125522.0,125522.0,125522.0,0.0
125521.0,125522.0,125521.95652173914,0.20392626667796118

125522.0,125522.0,125522.0,0.0
125521.0,125522.0,125521.91304347826,0.28177509034349707
125522.0,125523.0,125522.08695652174,0.28176832121588885
125522.0,125523.0,125522.26086956522,0.4391101091847935

125522.0,125523.0,125522.56521739131,0.495726441901373
125521.0,125523.0,125522.91304347826,0.40786188637745374
125523.0,125523.0,125523.0,0.0
125523.0,125523.0,125523.0,0.0

125523.0,125523.0,125523.0,0.0
125523.0,125523.0,125523.0,0.0
125523.0,125523.0,125523.0,0.0
125523.0,125523.0,125523.0,0.0

125523.0,125523.0,125523.0,0.0
125523.0,125523.0,125523.0,0.0
125523.0,125523.0,125523.0,0.0
125523.0,125523.0,125523.0,0.0

125523.0,125523.0,125523.0,0.0
125523.0,125523.0,125523.0,0.0
125523.0,125523.0,125523.0,0.0
125522.0,125523.0,125522.95652173914,0.20392626667796118

125523.0,125524.0,125523.13043478261,0.3367824131376639
125523.0,125524.0,125523.34782608696,0.4762802538936749
125523.0,125524.0,125523.60869565218,0.48804291058098503
125523.0,125524.0,125523.95652173914,0.20393094318872687

125524.0,125524.0,125524.0,0.0
125524.0,125524.0,125524.0,0.0
125524.0,125524.0,125524.0,0.0
125522.0,125524.0,125523.91304347826,0.407864224599324

125524.0,125524.0,125524.0,0.0
125524.0,125524.0,125524.0,0.0
125524.0,125524.0,125524.0,0.0
125522.0,125524.0,125523.82608695653,0.5635400270260729

125524.0,125524.0,125524.0,0.0
125524.0,125524.0,125524.0,0.0
125524.0,125524.0,125524.0,0.0
125524.0,125524.0,125524.0,0.0

125524.0,125524.0,125524.0,0.0
125524.0,125524.0,125524.0,0.0
125524.0,125524.0,125524.0,0.0
125524.0,125524.0,125524.0,0.0

125523.0,125524.0,125523.91304347826,0.2817717058000202
125524.0,125524.0,125524.0,0.0
125524.0,125524.0,125524.0,0.0
125524.0,125524.0,125524.0,0.0
