125499.0,125507.0,125503.04347826086,1.852806992930391
-1.0,125507.0,114591.0,35363.858978144424
-1.0,125507.0,114592.17391304347,35364.221259262915
125505.0,125507.0,125506.47826086957,0.8782180465327841

125506.0,125508.0,125506.91304347826,0.407864224599324
125507.0,125508.0,125507.26086956522,0.4391101091847935
125506.0,125508.0,125507.47826086957,0.5800715487842723
125507.0,125508.0,125507.91304347826,0.28177509034349707

125507.0,125508.0,125507.95652173914,0.20392626667796118
125508.0,125508.0,125508.0,0.0
125508.0,125508.0,125508.0,0.0
125507.0,125508.0,125507.95652173914,0.20392626667796118

125508.0,125508.0,125508.0,0.0
125508.0,125508.0,125508.0,0.0
125508.0,125508.0,125508.0,0.0
125508.0,125508.0,125508.0,0.0

125508.0,125508.0,125508.0,0.0
125508.0,125508.0,125508.0,0.0
125508.0,125508.0,125508.0,0.0
125508.0,125508.0,125508.0,0.0

125508.0,125509.0,125508.30434782608,0.460131959646454
125508.0,125509.0,125508.65217391304,0.4762802538936749
125508.0,125509.0,125508.91304347826,0.2817717058000202
125509.0,125509.0,125509.0,0.0

125509.0,125510.0,125509.13043478261,0.3367824131376639
125509.0,125510.0,125509.47826086957,0.49952675357688553
125509.0,125510.0,125509.91304347826,0.28177509034349707
125510.0,125511.0,125510.04347826086,0.20393561959225406

125510.0,125511.0,125510.08695652174,0.2817717058000202
125510.0,125511.0,125510.17391304347,0.3790345908612246
125510.0,125511.0,125510.65217391304,0.4762802538936749
125510.0,125511.0,125510.95652173914,0.20392626667796118

125510.0,125511.0,125510.86956521739,0.3367795814033198
125510.0,125512.0,125511.0,0.2948830686389469
125511.0,125512.0,125511.13043478261,0.3367795814033198
125510.0,125512.0,125511.21739130435,0.6565057165473694

125511.0,125512.0,125511.73913043478,0.4391079373453052
125512.0,125512.0,125512.0,0.0
125512.0,125512.0,125512.0,0.0
125512.0,125512.0,125512.0,0.0

125511.0,125512.0,125511.95652173914,0.20393094318872687
125512.0,125512.0,125512.0,0.0
125512.0,125512.0,125512.0,0.0
125512.0,125512.0,125512.0,0.0

125512.0,125512.0,125512.0,0.0
125512.0,125512.0,125512.0,0.0
125510.0,125512.0,125511.91304347826,0.407864224599324
125512.0,125516.0,125512.17391304347,0.815724941868356

125512.0,125516.0,125513.08695652174,1.5856157549632557
125512.0,125516.0,125514.78260869565,1.692863136451049
125512.0,125516.0,125515.69565217392,0.9971597390418526
125516.0,125516.0,125516.0,0.0

125516.0,125516.0,125516.0,0.0
125516.0,125516.0,125516.0,0.0
125516.0,125516.0,125516.0,0.0
125516.0,125516.0,125516.0,0.0

125516.0,125517.0,125516.04347826086,0.20393094318872687
125516.0,125517.0,125516.13043478261,0.3367795814033198
125516.0,125517.0,125516.30434782608,0.460131959646454
125516.0,125517.0,125516.78260869565,0.4124725332652372

125516.0,125518.0,125517.0,0.2948830686389469
125516.0,125518.0,125517.21739130435,0.5865524117156566
125517.0,125518.0,125517.73913043478,0.4391079373453052
125517.0,125518.0,125517.95652173914,0.20392626667796118

125517.0,125518.0,125517.95652173914,0.20392626667796118
125517.0,125519.0,125518.0,0.2948830686389469
125518.0,125519.0,125518.21739130435,0.4124702211670673
125518.0,125519.0,125518.56521739131,0.495726441901373

125518.0,125521.0,125519.34782608696,0.6983644178417324
125518.0,125521.0,125519.91304347826,0.6536231372636729
125520.0,125521.0,125520.43478260869,0.4957302894694462
125520.0,125521.0,125520.82608695653,0.37903207479143913

125521.0,125522.0,125521.13043478261,0.3367795814033198
125520.0,125522.0,125521.30434782608,0.6209954717842655
125520.0,125522.0,125521.69565217392,0.5465121564150014
125521.0,125522.0,125521.95652173914,0.20392626667796118

125522.0,125522.0,125522.0,0.0
125522.0,125522.0,125522.0,0.0
125522.0,125522.0,125522.0,0.0
125522.0,125522.0,125522.0,0.0

125522.0,125522.0,125522.0,0.0
125522.0,125522.0,125522.0,0.0
125522.0,125522.0,125522.0,0.0
125522.0,125522.0,125522.0,0.0

125522.0,125522.0,125522.0,0.0
125520.0,125523.0,125521.95652173914,0.46421964405837834
125522.0,125523.0,125522.30434782608,0.460131959646454
125522.0,125523.0,125522.69565217392,0.46012988703131763

125522.0,125525.0,125523.73913043478,0.9876364311905691
125523.0,125525.0,125524.78260869565,0.5865540376112723
125525.0,125525.0,125525.0,0.0
125523.0,125525.0,125524.91304347826,0.407864224599324

125525.0,125525.0,125525.0,0.0
125525.0,125525.0,125525.0,0.0
125522.0,125525.0,125524.86956521739,0.6117928295661806
125525.0,125525.0,125525.0,0.0

125525.0,125525.0,125525.0,0.0
125525.0,125525.0,125525.0,0.0
125525.0,125525.0,125525.0,0.0
125525.0,125525.0,125525.0,0.0

125525.0,125525.0,125525.0,0.0
125524.0,125525.0,125524.91304347826,0.28177509034349707
125525.0,125525.0,125525.0,0.0
125525.0,125525.0,125525.0,0.0

125525.0,125525.0,125525.0,0.0
125525.0,125525.0,125525.0,0.0
125525.0,125525.0,125525.0,0.0
125525.0,125525.0,125525.0,0.0

125525.0,125528.0,125525.91304347826,1.315891063181574
125525.0,125528.0,125526.95652173914,1.3014453189484723
125528.0,125528.0,125528.0,0.0
125528.0,125528.0,125528.0,0.0

125528.0,125528.0,125528.0,0.0
125528.0,125528.0,125528.0,0.0
125528.0,125528.0,125528.0,0.0
125528.0,125530.0,125528.17391304347,0.5635451038794014

125528.0,125530.0,125529.13043478261,0.9914567313782848
125528.0,125530.0,125529.91304347826,0.407864224599324
125530.0,125530.0,125530.0,0.0
125530.0,125530.0,125530.0,0.0
