125499.0,125505.0,125503.30434782608,1.5161396214750937
125503.0,125505.0,125504.65217391304,0.5601792675274391
125505.0,125505.0,125505.0,0.0
125505.0,125505.0,125505.0,0.0

125505.0,125509.0,125505.86956521739,1.6498837747965502
125505.0,125509.0,125507.43478260869,1.952169688244139
125509.0,125509.0,125509.0,0.0
125509.0,125509.0,125509.0,0.0

125509.0,125510.0,125509.39130434782,0.4880409564982498
125509.0,125510.0,125509.82608695653,0.3790345908612246
125509.0,125510.0,125509.95652173914,0.20392626667796118
125510.0,125513.0,125510.13043478261,0.6117928295661806

125510.0,125513.0,125510.39130434782,1.010343463776018
125510.0,125513.0,125511.43478260869,1.4393875334869402
125510.0,125513.0,125512.73913043478,0.7352847693353927
125513.0,125513.0,125513.0,0.0

125513.0,125513.0,125513.0,0.0
125513.0,125513.0,125513.0,0.0
125513.0,125513.0,125513.0,0.0
125513.0,125513.0,125513.0,0.0

125513.0,125513.0,125513.0,0.0
125513.0,125513.0,125513.0,0.0
125513.0,125513.0,125513.0,0.0
-1.0,125513.0,114598.73913043478,35366.247305215824

125512.0,125516.0,125513.69565217392,1.0808513281232806
125512.0,125516.0,125514.60869565218,1.3429080188238822
125513.0,125516.0,125515.52173913043,0.7144207145635273
125516.0,125516.0,125516.0,0.0

125516.0,125516.0,125516.0,0.0
125516.0,125516.0,125516.0,0.0
125516.0,125516.0,125516.0,0.0
125516.0,125516.0,125516.0,0.0

125516.0,125516.0,125516.0,0.0
125516.0,125516.0,125516.0,0.0
125516.0,125516.0,125516.0,0.0
125516.0,125516.0,125516.0,0.0

125515.0,125516.0,125515.82608695653,0.37903207479143913
125515.0,125516.0,125515.95652173914,0.20393094318872687
125516.0,125516.0,125516.0,0.0
125516.0,125516.0,125516.0,0.0

125516.0,125516.0,125516.0,0.0
125516.0,125516.0,125516.0,0.0
125516.0,125516.0,125516.0,0.0
125516.0,125516.0,125516.0,0.0

125516.0,125516.0,125516.0,0.0
125514.0,125516.0,125515.82608695653,0.5635417193155975
125516.0,125516.0,125516.0,0.0
125516.0,125516.0,125516.0,0.0

125516.0,125516.0,125516.0,0.0
125516.0,125516.0,125516.0,0.0
125516.0,125516.0,125516.0,0.0
125516.0,125516.0,125516.0,0.0

125516.0,125516.0,125516.0,0.0
125516.0,125516.0,125516.0,0.0
125516.0,125516.0,125516.0,0.0
125515.0,125516.0,125515.95652173914,0.20393094318872687

125516.0,125517.0,125516.13043478261,0.3367795814033198
125515.0,125518.0,125516.34782608696,0.7580691817224492
-1.0,125518.0,114602.30434782608,35367.3475685951
125517.0,125518.0,125517.82608695653,0.37903207479143913

125517.0,125519.0,125518.0,0.2948830686389469
125518.0,125519.0,125518.13043478261,0.3367824131376639
125518.0,125519.0,125518.47826086957,0.49952675357688553
125517.0,125519.0,125518.52173913043,0.7728873714300264

125517.0,125519.0,125518.86956521739,0.44763434924066897
125519.0,125519.0,125519.0,0.0
125519.0,125519.0,125519.0,0.0
125519.0,125519.0,125519.0,0.0

125519.0,125519.0,125519.0,0.0
125519.0,125519.0,125519.0,0.0
125519.0,125519.0,125519.0,0.0
125519.0,125519.0,125519.0,0.0

125518.0,125520.0,125519.0,0.2948830686389469
125519.0,125521.0,125519.26086956522,0.6055821466391863
125519.0,125521.0,125520.0,0.7801897101902323
125520.0,125521.0,125520.78260869565,0.4124725332652372

125520.0,125521.0,125520.95652173914,0.20393094318872687
125521.0,125521.0,125521.0,0.0
125521.0,125521.0,125521.0,0.0
125521.0,125521.0,125521.0,0.0

125520.0,125521.0,125520.91304347826,0.2817717058000202
125519.0,125521.0,125520.91304347826,0.40786188637745374
125521.0,125521.0,125521.0,0.0
125519.0,125521.0,125520.91304347826,0.40786188637745374

125520.0,125521.0,125520.86956521739,0.3367824131376639
125521.0,125521.0,125521.0,0.0
125521.0,125521.0,125521.0,0.0
125521.0,125521.0,125521.0,0.0

125520.0,125522.0,125521.04347826086,0.35853278944665357
125521.0,125522.0,125521.39130434782,0.48804291058098503
125521.0,125522.0,125521.86956521739,0.3367824131376639
125522.0,125522.0,125522.0,0.0

125522.0,125522.0,125522.0,0.0
125522.0,125522.0,125522.0,0.0
125522.0,125522.0,125522.0,0.0
125522.0,125522.0,125522.0,0.0

125522.0,125523.0,125522.21739130435,0.4124702211670673
125522.0,125523.0,125522.56521739131,0.495726441901373
125522.0,125523.0,125522.91304347826,0.2817717058000202
125523.0,125523.0,125523.0,0.0

125523.0,125524.0,125523.30434782608,0.460131959646454
125522.0,125524.0,125523.47826086957,0.6507219266928895
125523.0,125524.0,125523.91304347826,0.2817717058000202
125523.0,125524.0,125523.86956521739,0.3367795814033198

125524.0,125524.0,125524.0,0.0
125524.0,125524.0,125524.0,0.0
125524.0,125524.0,125524.0,0.0
125524.0,125524.0,125524.0,0.0

125523.0,125524.0,125523.95652173914,0.20393094318872687
125524.0,125524.0,125524.0,0.0
125524.0,125524.0,125524.0,0.0
125524.0,125524.0,125524.0,0.0

125524.0,125525.0,125524.34782608696,0.4762802538936749
125524.0,125525.0,125524.73913043478,0.4391079373453052
125524.0,125525.0,125524.95652173914,0.20392626667796118
125525.0,125525.0,125525.0,0.0

125525.0,125525.0,125525.0,0.0
125525.0,125525.0,125525.0,0.0
125525.0,125525.0,125525.0,0.0
125524.0,125525.0,125524.91304347826,0.28177509034349707
