-1.0,125505.0,92763.0,55110.02803009866
-1.0,125505.0,103677.34782608696,47570.88850986648
-1.0,125505.0,120048.13043478261,25594.56060810809
125504.0,125505.0,125504.95652173914,0.20393094318872687

125505.0,125505.0,125505.0,0.0
125505.0,125505.0,125505.0,0.0
125505.0,125506.0,125505.08695652174,0.28176832121588885
125505.0,125506.0,125505.21739130435,0.4124702211670673

125503.0,125507.0,125505.78260869565,0.9304760065444369
125505.0,125507.0,125506.43478260869,0.5768071180351502
125506.0,125508.0,125507.04347826086,0.5499633776869829
125507.0,125508.0,125507.47826086957,0.49952675357688553

125507.0,125508.0,125507.82608695653,0.3790345908612246
125508.0,125508.0,125508.0,0.0
125508.0,125508.0,125508.0,0.0
125508.0,125508.0,125508.0,0.0

125508.0,125508.0,125508.0,0.0
125508.0,125508.0,125508.0,0.0
125508.0,125508.0,125508.0,0.0
125508.0,125508.0,125508.0,0.0

125508.0,125508.0,125508.0,0.0
125506.0,125509.0,125507.91304347826,0.5032983706291226
125508.0,125509.0,125508.08695652174,0.2817717058000202
125508.0,125509.0,125508.30434782608,0.460131959646454

125508.0,125509.0,125508.78260869565,0.4124725332652372
125509.0,125509.0,125509.0,0.0
125508.0,125510.0,125509.0,0.2948830686389469
125508.0,125510.0,125509.17391304347,0.4802344766756034

125508.0,125510.0,125509.69565217392,0.5465121564150014
125510.0,125510.0,125510.0,0.0
125510.0,125510.0,125510.0,0.0
125510.0,125510.0,125510.0,0.0

125509.0,125512.0,125510.69565217392,0.9971597390418526
125510.0,125512.0,125511.69565217392,0.6874500603310896
125512.0,125512.0,125512.0,0.0
125512.0,125512.0,125512.0,0.0

125512.0,125514.0,125512.30434782608,0.6209939360637345
125512.0,125514.0,125513.08695652174,0.8803666252746415
125512.0,125514.0,125513.78260869565,0.5070400525285592
125514.0,125514.0,125514.0,0.0

125514.0,125514.0,125514.0,0.0
125514.0,125514.0,125514.0,0.0
125514.0,125514.0,125514.0,0.0
125513.0,125514.0,125513.95652173914,0.20392626667796118

125514.0,125514.0,125514.0,0.0
125514.0,125514.0,125514.0,0.0
125514.0,125514.0,125514.0,0.0
125514.0,125514.0,125514.0,0.0

125513.0,125516.0,125514.43478260869,0.6478136117633971
125514.0,125516.0,125514.91304347826,0.5032983706291226
125515.0,125516.0,125515.26086956522,0.4391101091847935
125515.0,125516.0,125515.73913043478,0.4391079373453052

125516.0,125516.0,125516.0,0.0
125515.0,125516.0,125515.91304347826,0.28177509034349707
125516.0,125516.0,125516.0,0.0
125516.0,125516.0,125516.0,0.0

125516.0,125516.0,125516.0,0.0
125515.0,125516.0,125515.95652173914,0.20393094318872687
125515.0,125516.0,125515.95652173914,0.20393094318872687
125516.0,125516.0,125516.0,0.0

125516.0,125516.0,125516.0,0.0
125516.0,125516.0,125516.0,0.0
125516.0,125516.0,125516.0,0.0
125514.0,125516.0,125515.91304347826,0.407864224599324

125516.0,125516.0,125516.0,0.0
125516.0,125516.0,125516.0,0.0
125516.0,125516.0,125516.0,0.0
125516.0,125516.0,125516.0,0.0

125516.0,125516.0,125516.0,0.0
125516.0,125516.0,125516.0,0.0
125516.0,125516.0,125516.0,0.0
125516.0,125517.0,125516.04347826086,0.20393094318872687

125516.0,125517.0,125516.17391304347,0.37903710691430825
125514.0,125517.0,125516.30434782608,0.6874528348523151
125516.0,125517.0,125516.78260869565,0.4124725332652372
125516.0,125517.0,125516.95652173914,0.20393094318872687

125517.0,125518.0,125517.26086956522,0.4391079373453052
125516.0,125518.0,125517.39130434782,0.7064388596522404
125517.0,125518.0,125517.82608695653,0.37903207479143913
125518.0,125518.0,125518.0,0.0

125518.0,125518.0,125518.0,0.0
125517.0,125518.0,125517.86956521739,0.3367824131376639
125518.0,125518.0,125518.0,0.0
125518.0,125518.0,125518.0,0.0

125518.0,125519.0,125518.26086956522,0.4391101091847935
125518.0,125519.0,125518.60869565218,0.4880409564982498
125519.0,125519.0,125519.0,0.0
125519.0,125519.0,125519.0,0.0

125519.0,125521.0,125519.52173913043,0.8782180465327841
125519.0,125521.0,125520.21739130435,0.8825110536915077
125519.0,125521.0,125520.82608695653,0.48023050495634384
125521.0,125521.0,125521.0,0.0

125521.0,125523.0,125521.78260869565,0.9760858211619701
125521.0,125523.0,125522.39130434782,0.9202618466801056
125522.0,125523.0,125522.91304347826,0.2817717058000202
125523.0,125523.0,125523.0,0.0

125523.0,125523.0,125523.0,0.0
125523.0,125523.0,125523.0,0.0
125522.0,125524.0,125523.0,0.2948830686389469
125523.0,125525.0,125523.17391304347,0.4802344766756034

125522.0,125525.0,125523.69565217392,0.8564213713515194
125523.0,125525.0,125524.39130434782,0.7064375096766344
125524.0,125525.0,125524.95652173914,0.20392626667796118
125525.0,125525.0,125525.0,0.0

125525.0,125525.0,125525.0,0.0
125525.0,125525.0,125525.0,0.0
125525.0,125525.0,125525.0,0.0
125525.0,125525.0,125525.0,0.0

125525.0,125526.0,125525.13043478261,0.3367795814033198
125525.0,125526.0,125525.47826086957,0.49952675357688553
125523.0,125526.0,125525.69565217392,0.6874500603310896
125525.0,125526.0,125525.95652173914,0.20392626667796118

125526.0,125526.0,125526.0,0.0
125526.0,125526.0,125526.0,0.0
125526.0,125526.0,125526.0,0.0
125526.0,125526.0,125526.0,0.0

125526.0,125526.0,125526.0,0.0
125526.0,125526.0,125526.0,0.0
125526.0,125526.0,125526.0,0.0
125526.0,125527.0,125526.17391304347,0.37903710691430825
