125500.0,125505.0,125502.13043478261,1.9848194976144182
-1.0,125505.0,103677.08695652174,47570.768820425335
-1.0,125505.0,114591.17391304347,35363.91263107705
-1.0,125505.0,114591.39130434782,35363.97971744099

125505.0,125505.0,125505.0,0.0
125505.0,125505.0,125505.0,0.0
-1.0,125508.0,120048.34782608696,25594.60696184239
125505.0,125508.0,125505.26086956522,0.845313989211373

-1.0,125509.0,120049.17391304347,25594.78311594699
125505.0,125509.0,125507.39130434782,1.052497001879266
125507.0,125509.0,125508.08695652174,0.40786188637745374
-1.0,125509.0,114594.60869565218,35364.97262858819

125508.0,125509.0,125508.91304347826,0.2817717058000202
125509.0,125509.0,125509.0,0.0
125509.0,125509.0,125509.0,0.0
125509.0,125509.0,125509.0,0.0

125509.0,125509.0,125509.0,0.0
125509.0,125509.0,125509.0,0.0
125509.0,125509.0,125509.0,0.0
125509.0,125509.0,125509.0,0.0

125509.0,125511.0,125509.69565217392,0.9525605077873498
125509.0,125511.0,125510.56521739131,0.8249415983856495
125511.0,125511.0,125511.0,0.0
125511.0,125511.0,125511.0,0.0

125511.0,125513.0,125511.52173913043,0.8782180465327841
125510.0,125514.0,125512.04347826086,1.1220426896349716
125511.0,125514.0,125513.04347826086,0.5499616436154817
125513.0,125514.0,125513.47826086957,0.49952675357688553

125513.0,125514.0,125513.82608695653,0.37903207479143913
125514.0,125514.0,125514.0,0.0
125514.0,125514.0,125514.0,0.0
125511.0,125518.0,125514.04347826086,1.0416658528642655

125512.0,125518.0,125514.43478260869,1.4393875334869402
125514.0,125518.0,125515.21739130435,1.8405226570523512
125514.0,125518.0,125516.43478260869,1.952169688244139
125514.0,125518.0,125517.82608695653,0.8157237727549075

125518.0,125518.0,125518.0,0.0
125517.0,125518.0,125517.95652173914,0.20392626667796118
125518.0,125518.0,125518.0,0.0
-1.0,125518.0,120060.65217391304,25597.230250316436

125515.0,125518.0,125517.86956521739,0.6117943883832432
125518.0,125518.0,125518.0,0.0
125518.0,125518.0,125518.0,0.0
125518.0,125518.0,125518.0,0.0

125517.0,125519.0,125518.08695652174,0.40785954814217873
125516.0,125519.0,125518.26086956522,0.6735634104126201
125518.0,125519.0,125518.69565217392,0.46012781440684536
125519.0,125519.0,125519.0,0.0

125519.0,125519.0,125519.0,0.0
125519.0,125519.0,125519.0,0.0
125519.0,125520.0,125519.08695652174,0.28176832121588885
125519.0,125520.0,125519.26086956522,0.4391079373453052

125519.0,125520.0,125519.69565217392,0.46012781440684536
125520.0,125521.0,125520.04347826086,0.20393094318872687
125520.0,125521.0,125520.17391304347,0.37903710691430825
125520.0,125521.0,125520.52173913043,0.49952866272887214

125520.0,125521.0,125520.91304347826,0.2817717058000202
125520.0,125521.0,125520.91304347826,0.2817717058000202
125520.0,125521.0,125520.95652173914,0.20393094318872687
125521.0,125521.0,125521.0,0.0

125521.0,125521.0,125521.0,0.0
125521.0,125521.0,125521.0,0.0
125521.0,125521.0,125521.0,0.0
125521.0,125521.0,125521.0,0.0

125521.0,125521.0,125521.0,0.0
125520.0,125521.0,125520.91304347826,0.2817717058000202
125521.0,125521.0,125521.0,0.0
125521.0,125521.0,125521.0,0.0

125521.0,125521.0,125521.0,0.0
125520.0,125522.0,125521.0,0.2948830686389469
125521.0,125522.0,125521.17391304347,0.37903710691430825
125520.0,125522.0,125521.39130434782,0.5702121594093564

125521.0,125523.0,125521.91304347826,0.6536231372636729
125522.0,125523.0,125522.60869565218,0.4880409564982498
125520.0,125523.0,125522.86956521739,0.6117928295661806
125523.0,125523.0,125523.0,0.0

125523.0,125523.0,125523.0,0.0
125523.0,125523.0,125523.0,0.0
125523.0,125523.0,125523.0,0.0
125523.0,125523.0,125523.0,0.0

125523.0,125523.0,125523.0,0.0
125523.0,125525.0,125523.08695652174,0.40786188637745374
125523.0,125525.0,125523.52173913043,0.8782180465327841
125521.0,125527.0,125524.39130434782,1.4667064979230864

125525.0,125527.0,125525.43478260869,0.770437878044545
125525.0,125527.0,125526.21739130435,0.930474981612214
125525.0,125527.0,125526.86956521739,0.4476364797117746
125527.0,125527.0,125527.0,0.0

125526.0,125527.0,125526.91304347826,0.28177509034349707
125525.0,125527.0,125526.73913043478,0.6735634104126201
125525.0,125527.0,125526.82608695653,0.5635400270260729
125527.0,125528.0,125527.04347826086,0.20393094318872687

125527.0,125528.0,125527.17391304347,0.37903710691430825
125527.0,125528.0,125527.56521739131,0.495726441901373
125527.0,125528.0,125527.95652173914,0.20393094318872687
125528.0,125528.0,125528.0,0.0

125528.0,125528.0,125528.0,0.0
125528.0,125528.0,125528.0,0.0
125528.0,125528.0,125528.0,0.0
125527.0,125529.0,125528.0,0.2948830686389469

125527.0,125529.0,125528.13043478261,0.6117928295661806
125528.0,125529.0,125528.52173913043,0.49952866272887214
125526.0,125529.0,125528.65217391304,0.8652068191859218
125529.0,125529.0,125529.0,0.0

125529.0,125529.0,125529.0,0.0
125529.0,125529.0,125529.0,0.0
125529.0,125529.0,125529.0,0.0
125529.0,125529.0,125529.0,0.0

125529.0,125529.0,125529.0,0.0
125529.0,125529.0,125529.0,0.0
125529.0,125529.0,125529.0,0.0
125524.0,125529.0,125528.78260869565,1.0196565865247766

125529.0,125529.0,125529.0,0.0
125529.0,125529.0,125529.0,0.0
125529.0,125531.0,125529.13043478261,0.4476364797117746
125529.0,125531.0,125529.39130434782,0.6419485422588037

125529.0,125531.0,125529.86956521739,0.8497743643679269
125529.0,125531.0,125530.43478260869,0.770437878044545
125530.0,125531.0,125530.91304347826,0.28177509034349707
125530.0,125531.0,125530.95652173914,0.20392626667796118
