-1.0,125505.0,114590.26086956522,35363.63088679054
-1.0,125505.0,114591.34782608696,35363.966300285254
125504.0,125505.0,125504.91304347826,0.2817717058000202
125505.0,125505.0,125505.0,0.0

125505.0,125506.0,125505.30434782608,0.460131959646454
125505.0,125506.0,125505.69565217392,0.46012781440684536
125506.0,125506.0,125506.0,0.0
125506.0,125506.0,125506.0,0.0

125506.0,125506.0,125506.0,0.0
125506.0,125506.0,125506.0,0.0
125506.0,125506.0,125506.0,0.0
125506.0,125506.0,125506.0,0.0

125506.0,125510.0,125506.95652173914,1.6279686440862213
125505.0,125510.0,125508.73913043478,1.7746373625489484
125509.0,125510.0,125509.95652173914,0.20392626667796118
125509.0,125510.0,125509.95652173914,0.20392626667796118

125510.0,125513.0,125510.65217391304,1.2374129756036918
125510.0,125513.0,125511.47826086957,1.4705675931491582
125510.0,125513.0,125512.65217391304,0.914079193223637
125513.0,125513.0,125513.0,0.0

125513.0,125513.0,125513.0,0.0
125513.0,125513.0,125513.0,0.0
125513.0,125513.0,125513.0,0.0
125513.0,125513.0,125513.0,0.0

125513.0,125513.0,125513.0,0.0
125513.0,125513.0,125513.0,0.0
125513.0,125513.0,125513.0,0.0
125513.0,125513.0,125513.0,0.0

125511.0,125513.0,125512.82608695653,0.48023249082007957
125513.0,125513.0,125513.0,0.0
125513.0,125513.0,125513.0,0.0
125513.0,125513.0,125513.0,0.0

125513.0,125513.0,125513.0,0.0
125513.0,125513.0,125513.0,0.0
125513.0,125513.0,125513.0,0.0
125513.0,125513.0,125513.0,0.0

125513.0,125517.0,125514.26086956522,1.6737717181642087
125513.0,125517.0,125515.95652173914,1.517385188226194
125516.0,125517.0,125516.91304347826,0.2817717058000202
125516.0,125517.0,125516.95652173914,0.20393094318872687

125517.0,125517.0,125517.0,0.0
125517.0,125517.0,125517.0,0.0
125517.0,125517.0,125517.0,0.0
125516.0,125518.0,125517.08695652174,0.40786188637745374

125517.0,125518.0,125517.73913043478,0.4391079373453052
125518.0,125518.0,125518.0,0.0
125518.0,125518.0,125518.0,0.0
125518.0,125518.0,125518.0,0.0

125517.0,125519.0,125518.0,0.2948830686389469
125517.0,125519.0,125518.04347826086,0.464221698413937
125518.0,125519.0,125518.34782608696,0.4762802538936749
125518.0,125519.0,125518.82608695653,0.37903207479143913

125518.0,125520.0,125519.17391304347,0.5635434116000404
125519.0,125520.0,125519.56521739131,0.495726441901373
125519.0,125520.0,125519.91304347826,0.28177509034349707
125519.0,125520.0,125519.95652173914,0.20393094318872687

125520.0,125523.0,125521.04347826086,1.4288420965727726
125520.0,125523.0,125522.47826086957,1.137103772583674
125523.0,125523.0,125523.0,0.0
125522.0,125523.0,125522.95652173914,0.20392626667796118

125523.0,125523.0,125523.0,0.0
125523.0,125523.0,125523.0,0.0
125523.0,125523.0,125523.0,0.0
125523.0,125523.0,125523.0,0.0

125523.0,125523.0,125523.0,0.0
125523.0,125523.0,125523.0,0.0
125523.0,125523.0,125523.0,0.0
125523.0,125523.0,125523.0,0.0

125521.0,125523.0,125522.91304347826,0.40786188637745374
125523.0,125523.0,125523.0,0.0
125523.0,125523.0,125523.0,0.0
125521.0,125523.0,125522.91304347826,0.40786188637745374

125523.0,125523.0,125523.0,0.0
125523.0,125523.0,125523.0,0.0
125523.0,125523.0,125523.0,0.0
125523.0,125523.0,125523.0,0.0

125522.0,125523.0,125522.95652173914,0.20392626667796118
125523.0,125523.0,125523.0,0.0
125523.0,125523.0,125523.0,0.0
125523.0,125523.0,125523.0,0.0

125523.0,125524.0,125523.34782608696,0.4762802538936749
125523.0,125524.0,125523.52173913043,0.49952675357688553
125523.0,125524.0,125523.86956521739,0.3367795814033198
125523.0,125524.0,125523.95652173914,0.20393094318872687

125524.0,125524.0,125524.0,0.0
125524.0,125524.0,125524.0,0.0
125521.0,125524.0,125523.52173913043,1.0578718926619517
125524.0,125524.0,125524.0,0.0

125524.0,125525.0,125524.26086956522,0.4391079373453052
125524.0,125525.0,125524.47826086957,0.49952675357688553
125524.0,125525.0,125524.78260869565,0.4124702211670673
125523.0,125525.0,125524.73913043478,0.6735619945469362

125523.0,125525.0,125524.91304347826,0.407864224599324
125525.0,125525.0,125525.0,0.0
125525.0,125525.0,125525.0,0.0
125525.0,125525.0,125525.0,0.0

125525.0,125525.0,125525.0,0.0
125525.0,125526.0,125525.08695652174,0.2817717058000202
125525.0,125526.0,125525.47826086957,0.49952675357688553
125525.0,125526.0,125525.86956521739,0.3367824131376639

125526.0,125526.0,125526.0,0.0
125526.0,125526.0,125526.0,0.0
125526.0,125526.0,125526.0,0.0
125523.0,125526.0,125525.86956521739,0.6117928295661806

125526.0,125526.0,125526.0,0.0
125526.0,125526.0,125526.0,0.0
125524.0,125526.0,125525.91304347826,0.407864224599324
125526.0,125526.0,125526.0,0.0

125526.0,125526.0,125526.0,0.0
125526.0,125526.0,125526.0,0.0
125526.0,125526.0,125526.0,0.0
125526.0,125526.0,125526.0,0.0

125526.0,125526.0,125526.0,0.0
125526.0,125526.0,125526.0,0.0
125526.0,125526.0,125526.0,0.0
125526.0,125526.0,125526.0,0.0

125526.0,125526.0,125526.0,0.0
125525.0,125526.0,125525.91304347826,0.2817717058000202
125526.0,125526.0,125526.0,0.0
125526.0,125526.0,125526.0,0.0
