-1.0,125505.0,120047.13043478261,25594.34742843299
125503.0,125505.0,125504.78260869565,0.5865540376112723
125505.0,125505.0,125505.0,0.0
125505.0,125505.0,125505.0,0.0

125505.0,125505.0,125505.0,0.0
125505.0,125505.0,125505.0,0.0
125505.0,125505.0,125505.0,0.0
125505.0,125505.0,125505.0,0.0

125505.0,125506.0,125505.26086956522,0.4391079373453052
125505.0,125506.0,125505.69565217392,0.46012781440684536
125505.0,125507.0,125505.86956521739,0.4476364797117746
125506.0,125507.0,125506.21739130435,0.4124702211670673

125506.0,125507.0,125506.60869565218,0.48804291058098503
125506.0,125507.0,125506.86956521739,0.3367824131376639
125506.0,125508.0,125507.0,0.41702992181434245
125507.0,125508.0,125507.34782608696,0.4762802538936749

125507.0,125508.0,125507.73913043478,0.4391079373453052
125508.0,125508.0,125508.0,0.0
125508.0,125509.0,125508.13043478261,0.3367824131376639
125508.0,125509.0,125508.47826086957,0.49952675357688553

125508.0,125509.0,125508.82608695653,0.3790345908612246
125508.0,125510.0,125509.0,0.2948830686389469
125508.0,125510.0,125509.0,0.41702992181434245
125509.0,125510.0,125509.21739130435,0.4124702211670673

125509.0,125510.0,125509.56521739131,0.495726441901373
125509.0,125511.0,125510.0,0.2948830686389469
125510.0,125511.0,125510.08695652174,0.2817717058000202
125510.0,125511.0,125510.26086956522,0.4391079373453052

125510.0,125511.0,125510.52173913043,0.49952675357688553
125511.0,125511.0,125511.0,0.0
125511.0,125511.0,125511.0,0.0
125511.0,125511.0,125511.0,0.0

125511.0,125511.0,125511.0,0.0
125511.0,125511.0,125511.0,0.0
125511.0,125511.0,125511.0,0.0
125511.0,125511.0,125511.0,0.0

125510.0,125511.0,125510.91304347826,0.2817717058000202
125511.0,125511.0,125511.0,0.0
125511.0,125511.0,125511.0,0.0
125509.0,125511.0,125510.91304347826,0.407864224599324

125511.0,125512.0,125511.43478260869,0.4957302894694462
125511.0,125512.0,125511.91304347826,0.28177509034349707
125512.0,125512.0,125512.0,0.0
125512.0,125512.0,125512.0,0.0

125512.0,125512.0,125512.0,0.0
125512.0,125512.0,125512.0,0.0
125512.0,125512.0,125512.0,0.0
125510.0,125512.0,125511.91304347826,0.407864224599324

-1.0,125513.0,114598.08695652174,35366.04604261112
125512.0,125513.0,125512.69565217392,0.46012781440684536
125512.0,125513.0,125512.86956521739,0.3367824131376639
-1.0,125513.0,120055.86956521739,25596.210594716445

125513.0,125513.0,125513.0,0.0
125513.0,125513.0,125513.0,0.0
125512.0,125513.0,125512.95652173914,0.20393094318872687
125513.0,125513.0,125513.0,0.0

125513.0,125513.0,125513.0,0.0
125513.0,125513.0,125513.0,0.0
125513.0,125513.0,125513.0,0.0
125513.0,125513.0,125513.0,0.0

125513.0,125513.0,125513.0,0.0
125511.0,125513.0,125512.91304347826,0.40786188637745374
125513.0,125513.0,125513.0,0.0
125513.0,125514.0,125513.04347826086,0.20393561959225406

125513.0,125514.0,125513.13043478261,0.3367824131376639
-1.0,125514.0,114599.21739130435,35366.39490294423
125513.0,125514.0,125513.91304347826,0.28177509034349707
125514.0,125514.0,125514.0,0.0

125514.0,125514.0,125514.0,0.0
125514.0,125514.0,125514.0,0.0
125514.0,125514.0,125514.0,0.0
125510.0,125514.0,125513.82608695653,0.8157237727549075

125514.0,125514.0,125514.0,0.0
125513.0,125514.0,125513.95652173914,0.20392626667796118
125514.0,125514.0,125514.0,0.0
125514.0,125514.0,125514.0,0.0

125514.0,125515.0,125514.34782608696,0.47627825155090864
125514.0,125515.0,125514.78260869565,0.4124702211670673
125514.0,125515.0,125514.95652173914,0.20392626667796118
125515.0,125515.0,125515.0,0.0

125515.0,125516.0,125515.04347826086,0.20393561959225406
125515.0,125516.0,125515.08695652174,0.28176832121588885
125515.0,125516.0,125515.30434782608,0.460131959646454
125515.0,125516.0,125515.78260869565,0.4124725332652372

125515.0,125516.0,125515.95652173914,0.20393094318872687
125516.0,125516.0,125516.0,0.0
125516.0,125516.0,125516.0,0.0
125516.0,125516.0,125516.0,0.0

-1.0,125516.0,120058.73913043478,25596.82238807641
125516.0,125516.0,125516.0,0.0
125515.0,125516.0,125515.95652173914,0.20393094318872687
125516.0,125518.0,125516.08695652174,0.40785954814217873

125516.0,125518.0,125516.34782608696,0.7580691817224492
125516.0,125518.0,125516.78260869565,0.9760848441220695
125516.0,125518.0,125517.65217391304,0.7580691817224492
125517.0,125518.0,125517.95652173914,0.20392626667796118

125518.0,125518.0,125518.0,0.0
125518.0,125518.0,125518.0,0.0
125518.0,125518.0,125518.0,0.0
125518.0,125518.0,125518.0,0.0

125518.0,125518.0,125518.0,0.0
-1.0,125518.0,120060.65217391304,25597.230250316436
125517.0,125518.0,125517.95652173914,0.20392626667796118
125518.0,125519.0,125518.04347826086,0.20393561959225406

125518.0,125519.0,125518.21739130435,0.4124702211670673
125518.0,125519.0,125518.56521739131,0.495726441901373
125518.0,125519.0,125518.95652173914,0.20392626667796118
125519.0,125519.0,125519.0,0.0

125519.0,125519.0,125519.0,0.0
125519.0,125519.0,125519.0,0.0
125519.0,125519.0,125519.0,0.0
125519.0,125519.0,125519.0,0.0

125518.0,125521.0,125519.21739130435,0.5865540376112723
125517.0,125521.0,125519.78260869565,0.8825132149633573
125520.0,125521.0,125520.60869565218,0.48804291058098503
125520.0,125521.0,125520.91304347826,0.2817717058000202

125521.0,125523.0,125521.34782608696,0.7580691817224492
125521.0,125523.0,125522.30434782608,0.9057689573918973
-1.0,125523.0,114607.69565217392,35369.011352281326
125523.0,125523.0,125523.0,0.0
