125501.0,125505.0,125503.47826086957,1.528555854952309
125504.0,125505.0,125504.95652173914,0.20393094318872687
125503.0,125505.0,125504.91304347826,0.407864224599324
125505.0,125505.0,125505.0,0.0

125504.0,125505.0,125504.95652173914,0.20393094318872687
125503.0,125505.0,125504.91304347826,0.407864224599324
125505.0,125505.0,125505.0,0.0
125505.0,125505.0,125505.0,0.0

125504.0,125505.0,125504.95652173914,0.20393094318872687
125505.0,125505.0,125505.0,0.0
125505.0,125505.0,125505.0,0.0
125505.0,125505.0,125505.0,0.0

125505.0,125505.0,125505.0,0.0
125505.0,125505.0,125505.0,0.0
125505.0,125505.0,125505.0,0.0
125505.0,125505.0,125505.0,0.0

125505.0,125506.0,125505.26086956522,0.4391079373453052
125505.0,125506.0,125505.56521739131,0.495726441901373
125504.0,125506.0,125505.65217391304,0.6330535806213404
125506.0,125506.0,125506.0,0.0

125506.0,125506.0,125506.0,0.0
125506.0,125506.0,125506.0,0.0
125505.0,125506.0,125505.95652173914,0.20392626667796118
125506.0,125506.0,125506.0,0.0

125506.0,125507.0,125506.43478260869,0.4957302894694462
125506.0,125507.0,125506.82608695653,0.3790345908612246
125507.0,125507.0,125507.0,0.0
125507.0,125507.0,125507.0,0.0

125507.0,125507.0,125507.0,0.0
125507.0,125507.0,125507.0,0.0
125507.0,125507.0,125507.0,0.0
125507.0,125507.0,125507.0,0.0

125507.0,125507.0,125507.0,0.0
125507.0,125507.0,125507.0,0.0
125507.0,125509.0,125507.08695652174,0.40785954814217873
125507.0,125509.0,125507.26086956522,0.6735619945469362

125507.0,125509.0,125507.60869565218,0.920260810371954
125507.0,125509.0,125508.13043478261,0.9465888368375103
125507.0,125509.0,125508.91304347826,0.407864224599324
125509.0,125509.0,125509.0,0.0

125509.0,125510.0,125509.13043478261,0.3367824131376639
125509.0,125510.0,125509.43478260869,0.4957302894694462
125508.0,125510.0,125509.73913043478,0.5289363970821096
125510.0,125510.0,125510.0,0.0

125510.0,125513.0,125511.30434782608,1.4871857383286347
125510.0,125513.0,125512.86956521739,0.6117943883832432
125513.0,125513.0,125513.0,0.0
125513.0,125513.0,125513.0,0.0

125513.0,125513.0,125513.0,0.0
125513.0,125513.0,125513.0,0.0
125513.0,125513.0,125513.0,0.0
125513.0,125513.0,125513.0,0.0

125513.0,125513.0,125513.0,0.0
125513.0,125513.0,125513.0,0.0
125513.0,125513.0,125513.0,0.0
125513.0,125513.0,125513.0,0.0

125513.0,125513.0,125513.0,0.0
125513.0,125513.0,125513.0,0.0
125513.0,125514.0,125513.04347826086,0.20393561959225406
125513.0,125514.0,125513.26086956522,0.4391101091847935

125513.0,125514.0,125513.56521739131,0.495726441901373
125513.0,125514.0,125513.86956521739,0.3367795814033198
-1.0,125514.0,114599.65217391304,35366.52907655057
125514.0,125514.0,125514.0,0.0

125514.0,125515.0,125514.34782608696,0.47627825155090864
125514.0,125515.0,125514.78260869565,0.4124702211670673
125514.0,125515.0,125514.95652173914,0.20392626667796118
125515.0,125515.0,125515.0,0.0

125515.0,125515.0,125515.0,0.0
125515.0,125515.0,125515.0,0.0
125515.0,125515.0,125515.0,0.0
125515.0,125515.0,125515.0,0.0

125515.0,125515.0,125515.0,0.0
-1.0,125515.0,114600.56521739131,35366.81084788524
125515.0,125515.0,125515.0,0.0
125515.0,125515.0,125515.0,0.0

125515.0,125516.0,125515.21739130435,0.4124702211670673
125515.0,125516.0,125515.56521739131,0.495726441901373
125515.0,125516.0,125515.91304347826,0.28177509034349707
125515.0,125516.0,125515.95652173914,0.20393094318872687

125516.0,125516.0,125516.0,0.0
125516.0,125516.0,125516.0,0.0
125516.0,125516.0,125516.0,0.0
125516.0,125516.0,125516.0,0.0

125516.0,125517.0,125516.30434782608,0.460131959646454
125514.0,125517.0,125516.47826086957,0.7728861375179289
125516.0,125517.0,125516.95652173914,0.20393094318872687
125517.0,125517.0,125517.0,0.0

125517.0,125518.0,125517.17391304347,0.37903710691430825
125517.0,125518.0,125517.43478260869,0.4957302894694462
125517.0,125518.0,125517.91304347826,0.28177509034349707
125518.0,125518.0,125518.0,0.0

125518.0,125518.0,125518.0,0.0
125518.0,125518.0,125518.0,0.0
125518.0,125518.0,125518.0,0.0
125518.0,125518.0,125518.0,0.0

125518.0,125518.0,125518.0,0.0
125516.0,125518.0,125517.91304347826,0.407864224599324
125518.0,125518.0,125518.0,0.0
125518.0,125518.0,125518.0,0.0

125518.0,125518.0,125518.0,0.0
125518.0,125518.0,125518.0,0.0
125515.0,125518.0,125517.78260869565,0.7196940980212096
125518.0,125518.0,125518.0,0.0

125518.0,125518.0,125518.0,0.0
125518.0,125518.0,125518.0,0.0
125518.0,125518.0,125518.0,0.0
125518.0,125518.0,125518.0,0.0

125517.0,125518.0,125517.95652173914,0.20392626667796118
125517.0,125519.0,125518.0,0.41702992181434245
125518.0,125519.0,125518.17391304347,0.37903710691430825
125518.0,125519.0,125518.47826086957,0.49952675357688553

125518.0,125519.0,125518.91304347826,0.2817717058000202
125519.0,125519.0,125519.0,0.0
125519.0,125519.0,125519.0,0.0
125519.0,125519.0,125519.0,0.0

125519.0,125519.0,125519.0,0.0
125518.0,125519.0,125518.91304347826,0.2817717058000202
125519.0,125519.0,125519.0,0.0
125519.0,125519.0,125519.0,0.0
