125500.0,125505.0,125503.30434782608,1.7304136383718436
125504.0,125505.0,125504.86956521739,0.3367795814033198
125505.0,125505.0,125505.0,0.0
125504.0,125505.0,125504.95652173914,0.20393094318872687

125505.0,125505.0,125505.0,0.0
125505.0,125505.0,125505.0,0.0
125505.0,125505.0,125505.0,0.0
125505.0,125505.0,125505.0,0.0

125505.0,125506.0,125505.04347826086,0.20393561959225406
125504.0,125506.0,125505.13043478261,0.536035859004481
125504.0,125506.0,125505.39130434782,0.6419500278501715
125505.0,125506.0,125505.95652173914,0.20392626667796118

125506.0,125506.0,125506.0,0.0
125506.0,125506.0,125506.0,0.0
125503.0,125506.0,125505.86956521739,0.6117928295661806
125505.0,125506.0,125505.95652173914,0.20392626667796118

125506.0,125506.0,125506.0,0.0
125506.0,125506.0,125506.0,0.0
125505.0,125506.0,125505.95652173914,0.20392626667796118
125506.0,125506.0,125506.0,0.0

125506.0,125506.0,125506.0,0.0
125506.0,125506.0,125506.0,0.0
125506.0,125506.0,125506.0,0.0
125506.0,125506.0,125506.0,0.0

125506.0,125507.0,125506.26086956522,0.4391101091847935
125506.0,125507.0,125506.56521739131,0.495726441901373
125506.0,125507.0,125506.95652173914,0.20392626667796118
125507.0,125507.0,125507.0,0.0

-1.0,125507.0,120050.13043478261,25594.98700799648
125507.0,125507.0,125507.0,0.0
125507.0,125507.0,125507.0,0.0
125507.0,125507.0,125507.0,0.0

125507.0,125508.0,125507.21739130435,0.41246790905593683
125507.0,125508.0,125507.47826086957,0.49952675357688553
125506.0,125509.0,125507.78260869565,0.5865540376112723
125507.0,125509.0,125508.0,0.2948830686389469

125507.0,125510.0,125508.52173913043,0.7728861375179289
125508.0,125510.0,125509.39130434782,0.6419485422588037
125509.0,125510.0,125509.95652173914,0.20392626667796118
125509.0,125510.0,125509.86956521739,0.3367795814033198

125509.0,125511.0,125510.21739130435,0.5070381716592265
125510.0,125511.0,125510.65217391304,0.4762802538936749
125510.0,125511.0,125510.95652173914,0.20392626667796118
125511.0,125511.0,125511.0,0.0

125511.0,125511.0,125511.0,0.0
125511.0,125511.0,125511.0,0.0
125511.0,125511.0,125511.0,0.0
125511.0,125511.0,125511.0,0.0

125511.0,125511.0,125511.0,0.0
125511.0,125511.0,125511.0,0.0
125511.0,125511.0,125511.0,0.0
125508.0,125511.0,125510.86956521739,0.6117928295661806

125511.0,125511.0,125511.0,0.0
125511.0,125511.0,125511.0,0.0
125511.0,125511.0,125511.0,0.0
125511.0,125511.0,125511.0,0.0

125511.0,125511.0,125511.0,0.0
125511.0,125511.0,125511.0,0.0
125511.0,125511.0,125511.0,0.0
125511.0,125511.0,125511.0,0.0

125511.0,125512.0,125511.30434782608,0.460131959646454
125511.0,125512.0,125511.69565217392,0.46012781440684536
125512.0,125512.0,125512.0,0.0
125512.0,125512.0,125512.0,0.0

125512.0,125514.0,125512.69565217392,0.9525595066175451
125512.0,125514.0,125513.65217391304,0.7580704397521226
125514.0,125514.0,125514.0,0.0
125514.0,125514.0,125514.0,0.0

125514.0,125514.0,125514.0,0.0
125513.0,125514.0,125513.95652173914,0.20392626667796118
125514.0,125514.0,125514.0,0.0
125514.0,125514.0,125514.0,0.0

125514.0,125514.0,125514.0,0.0
125514.0,125514.0,125514.0,0.0
125514.0,125514.0,125514.0,0.0
125513.0,125514.0,125513.95652173914,0.20392626667796118

125514.0,125514.0,125514.0,0.0
125513.0,125514.0,125513.95652173914,0.20392626667796118
125514.0,125514.0,125514.0,0.0
125514.0,125514.0,125514.0,0.0

125514.0,125514.0,125514.0,0.0
125514.0,125515.0,125514.04347826086,0.20393561959225406
125514.0,125515.0,125514.13043478261,0.3367824131376639
125513.0,125515.0,125514.47826086957,0.5800715487842723

125514.0,125515.0,125514.78260869565,0.4124702211670673
125515.0,125515.0,125515.0,0.0
125515.0,125515.0,125515.0,0.0
125515.0,125515.0,125515.0,0.0

125515.0,125515.0,125515.0,0.0
125515.0,125515.0,125515.0,0.0
125515.0,125516.0,125515.04347826086,0.20393561959225406
125515.0,125516.0,125515.21739130435,0.4124702211670673

125515.0,125516.0,125515.60869565218,0.4880409564982498
125515.0,125516.0,125515.91304347826,0.28177509034349707
125516.0,125516.0,125516.0,0.0
125516.0,125516.0,125516.0,0.0

125515.0,125517.0,125515.95652173914,0.3585301295006678
125516.0,125517.0,125516.13043478261,0.3367795814033198
125516.0,125517.0,125516.52173913043,0.49952675357688553
125516.0,125517.0,125516.91304347826,0.2817717058000202

125516.0,125517.0,125516.95652173914,0.20393094318872687
125517.0,125517.0,125517.0,0.0
125515.0,125517.0,125516.82608695653,0.5635417193155975
125517.0,125517.0,125517.0,0.0

125517.0,125517.0,125517.0,0.0
125517.0,125517.0,125517.0,0.0
125515.0,125517.0,125516.82608695653,0.5635417193155975
125517.0,125517.0,125517.0,0.0

125517.0,125517.0,125517.0,0.0
125517.0,125517.0,125517.0,0.0
125517.0,125517.0,125517.0,0.0
125517.0,125517.0,125517.0,0.0

125517.0,125517.0,125517.0,0.0
125517.0,125517.0,125517.0,0.0
125517.0,125517.0,125517.0,0.0
125517.0,125517.0,125517.0,0.0

125515.0,125517.0,125516.82608695653,0.5635417193155975
125517.0,125517.0,125517.0,0.0
125517.0,125517.0,125517.0,0.0
125517.0,125517.0,125517.0,0.0
