125499.0,125505.0,125503.17391304347,1.7852582839754392
-1.0,125509.0,120048.04347826086,25594.54209733051
125505.0,125509.0,125505.17391304347,0.8157261109801289
125503.0,125509.0,125505.43478260869,1.439386870931156

125505.0,125509.0,125506.56521739131,1.9521682226830044
125505.0,125509.0,125508.21739130435,1.5023607115202164
-1.0,125509.0,120052.04347826086,25595.394870236516
125509.0,125509.0,125509.0,0.0

125509.0,125509.0,125509.0,0.0
125508.0,125509.0,125508.95652173914,0.20393094318872687
125509.0,125509.0,125509.0,0.0
125508.0,125509.0,125508.91304347826,0.2817717058000202

125509.0,125509.0,125509.0,0.0
125509.0,125509.0,125509.0,0.0
125509.0,125509.0,125509.0,0.0
125509.0,125509.0,125509.0,0.0

125509.0,125509.0,125509.0,0.0
125509.0,125509.0,125509.0,0.0
125509.0,125509.0,125509.0,0.0
125509.0,125509.0,125509.0,0.0

125508.0,125512.0,125509.69565217392,1.0808522104591785
125509.0,125512.0,125510.39130434782,0.9663528810041392
125509.0,125512.0,125511.08695652174,0.653620219140397
125511.0,125512.0,125511.69565217392,0.46012781440684536

125511.0,125513.0,125512.04347826086,0.464221698413937
125512.0,125513.0,125512.30434782608,0.460131959646454
125512.0,125513.0,125512.60869565218,0.4880409564982498
125512.0,125513.0,125512.91304347826,0.2817717058000202

125513.0,125514.0,125513.30434782608,0.46013403225225447
125513.0,125514.0,125513.60869565218,0.4880409564982498
125513.0,125514.0,125513.91304347826,0.28177509034349707
125514.0,125514.0,125514.0,0.0

125514.0,125514.0,125514.0,0.0
125514.0,125514.0,125514.0,0.0
125514.0,125514.0,125514.0,0.0
125514.0,125514.0,125514.0,0.0

125514.0,125515.0,125514.43478260869,0.4957302894694462
125514.0,125515.0,125514.78260869565,0.4124702211670673
125515.0,125515.0,125515.0,0.0
125515.0,125515.0,125515.0,0.0

125515.0,125518.0,125515.52173913043,1.137103772583674
125515.0,125518.0,125516.43478260869,1.4985821698850754
125515.0,125518.0,125517.73913043478,0.7352834723206886
125517.0,125518.0,125517.86956521739,0.3367824131376639

125518.0,125518.0,125518.0,0.0
125518.0,125518.0,125518.0,0.0
125515.0,125518.0,125517.73913043478,0.8453128610211799
125518.0,125518.0,125518.0,0.0

125518.0,125518.0,125518.0,0.0
125518.0,125518.0,125518.0,0.0
125518.0,125518.0,125518.0,0.0
125518.0,125518.0,125518.0,0.0

125517.0,125520.0,125518.43478260869,0.6478121396186588
125517.0,125521.0,125518.91304347826,0.8803677085434777
125519.0,125521.0,125519.69565217392,0.6209924003394058
125519.0,125521.0,125520.30434782608,0.6209954717842655

125520.0,125521.0,125520.91304347826,0.2817717058000202
125521.0,125521.0,125521.0,0.0
125519.0,125521.0,125520.65217391304,0.7580691817224492
125519.0,125521.0,125520.91304347826,0.40786188637745374

125521.0,125521.0,125521.0,0.0
125521.0,125521.0,125521.0,0.0
125521.0,125521.0,125521.0,0.0
125521.0,125521.0,125521.0,0.0

125521.0,125522.0,125521.04347826086,0.20393561959225406
125521.0,125522.0,125521.17391304347,0.37903710691430825
125521.0,125522.0,125521.65217391304,0.4762802538936749
125521.0,125522.0,125521.91304347826,0.28177509034349707

125522.0,125522.0,125522.0,0.0
125522.0,125522.0,125522.0,0.0
125522.0,125522.0,125522.0,0.0
125522.0,125522.0,125522.0,0.0

125522.0,125522.0,125522.0,0.0
125522.0,125522.0,125522.0,0.0
125522.0,125522.0,125522.0,0.0
125522.0,125522.0,125522.0,0.0

125520.0,125523.0,125521.91304347826,0.5032983706291226
125521.0,125523.0,125522.04347826086,0.35853278944665357
125522.0,125523.0,125522.21739130435,0.4124702211670673
125522.0,125523.0,125522.65217391304,0.4762822562280231

125521.0,125523.0,125522.78260869565,0.5865556635023813
125523.0,125524.0,125523.04347826086,0.20393094318872687
125522.0,125524.0,125523.08695652174,0.40786188637745374
125522.0,125525.0,125523.30434782608,0.8040543815478702

125523.0,125525.0,125524.26086956522,0.6055821466391863
125524.0,125526.0,125524.73913043478,0.5289345940752697
125524.0,125526.0,125525.13043478261,0.4476364797117746
125525.0,125526.0,125525.69565217392,0.46012988703131763

125525.0,125527.0,125525.95652173914,0.35852746953494763
125525.0,125527.0,125526.34782608696,0.560177565079989
125526.0,125527.0,125526.82608695653,0.37903207479143913
125526.0,125527.0,125526.95652173914,0.20392626667796118

125526.0,125527.0,125526.91304347826,0.28177509034349707
125527.0,125527.0,125527.0,0.0
125527.0,125527.0,125527.0,0.0
125527.0,125527.0,125527.0,0.0

125526.0,125527.0,125526.86956521739,0.3367824131376639
125527.0,125527.0,125527.0,0.0
125527.0,125527.0,125527.0,0.0
125527.0,125527.0,125527.0,0.0

125521.0,125527.0,125526.73913043478,1.2235872179504168
125527.0,125527.0,125527.0,0.0
125527.0,125527.0,125527.0,0.0
125527.0,125527.0,125527.0,0.0

125527.0,125529.0,125527.43478260869,0.8249427544355445
125527.0,125529.0,125528.13043478261,0.9914567313782848
125527.0,125529.0,125528.91304347826,0.407864224599324
125529.0,125529.0,125529.0,0.0

125529.0,125530.0,125529.34782608696,0.4762802538936749
125529.0,125530.0,125529.78260869565,0.4124725332652372
125530.0,125530.0,125530.0,0.0
125530.0,125530.0,125530.0,0.0

125530.0,125530.0,125530.0,0.0
125530.0,125530.0,125530.0,0.0
125530.0,125530.0,125530.0,0.0
125530.0,125530.0,125530.0,0.0

125528.0,125533.0,125530.30434782608,0.8564235984633322
125528.0,125533.0,125530.95652173914,1.2675976861934424
125530.0,125533.0,125531.73913043478,1.0307190424091162
125530.0,125533.0,125532.60869565218,0.8717361613105903
