-1.0,125505.0,114589.60869565218,35363.42963121173
125502.0,125505.0,125504.47826086957,0.7144207145635273
125504.0,125505.0,125504.95652173914,0.20393094318872687
125505.0,125505.0,125505.0,0.0

125505.0,125507.0,125505.78260869565,0.9760858211619701
125505.0,125507.0,125506.56521739131,0.8249404423341345
125507.0,125507.0,125507.0,0.0
125507.0,125507.0,125507.0,0.0

125504.0,125511.0,125507.69565217392,1.8517855095459241
125507.0,125511.0,125509.60869565218,1.9051220167437153
125507.0,125511.0,125510.65217391304,1.1270851309169083
125511.0,125511.0,125511.0,0.0

125511.0,125511.0,125511.0,0.0
125511.0,125511.0,125511.0,0.0
125511.0,125511.0,125511.0,0.0
125511.0,125511.0,125511.0,0.0

125511.0,125511.0,125511.0,0.0
125511.0,125511.0,125511.0,0.0
125511.0,125511.0,125511.0,0.0
125511.0,125511.0,125511.0,0.0

125511.0,125511.0,125511.0,0.0
125511.0,125511.0,125511.0,0.0
125511.0,125511.0,125511.0,0.0
125511.0,125511.0,125511.0,0.0

125511.0,125512.0,125511.04347826086,0.20393561959225406
125510.0,125511.0,125510.91304347826,0.2817717058000202
125511.0,125511.0,125511.0,0.0
125511.0,125511.0,125511.0,0.0

125509.0,125513.0,125511.21739130435,0.8825110536915077
125511.0,125513.0,125512.13043478261,0.8497743643679269
125511.0,125513.0,125512.69565217392,0.5465121564150014
125512.0,125513.0,125512.86956521739,0.3367824131376639

125513.0,125514.0,125513.34782608696,0.47627825155090864
125513.0,125514.0,125513.73913043478,0.4391079373453052
125514.0,125514.0,125514.0,0.0
125514.0,125514.0,125514.0,0.0

125514.0,125514.0,125514.0,0.0
125514.0,125514.0,125514.0,0.0
125514.0,125514.0,125514.0,0.0
125514.0,125514.0,125514.0,0.0

125514.0,125514.0,125514.0,0.0
125514.0,125514.0,125514.0,0.0
125514.0,125515.0,125514.04347826086,0.20393561959225406
125514.0,125515.0,125514.13043478261,0.3367824131376639

125513.0,125515.0,125514.39130434782,0.5702121594093564
125514.0,125515.0,125514.86956521739,0.3367795814033198
125514.0,125516.0,125515.0,0.2948830686389469
125514.0,125516.0,125515.21739130435,0.5070381716592265

125514.0,125518.0,125515.78260869565,0.9760848441220695
125515.0,125518.0,125516.91304347826,0.82951267505456
125517.0,125518.0,125517.60869565218,0.48804291058098503
125517.0,125518.0,125517.95652173914,0.20392626667796118

125518.0,125518.0,125518.0,0.0
125518.0,125518.0,125518.0,0.0
125518.0,125518.0,125518.0,0.0
125518.0,125518.0,125518.0,0.0

125518.0,125518.0,125518.0,0.0
125517.0,125518.0,125517.95652173914,0.20392626667796118
125518.0,125518.0,125518.0,0.0
125517.0,125518.0,125517.95652173914,0.20392626667796118

125516.0,125518.0,125517.91304347826,0.407864224599324
125518.0,125518.0,125518.0,0.0
125518.0,125518.0,125518.0,0.0
125518.0,125518.0,125518.0,0.0

125518.0,125519.0,125518.21739130435,0.4124702211670673
125517.0,125519.0,125518.47826086957,0.6507219266928895
125518.0,125520.0,125518.91304347826,0.40786188637745374
125519.0,125520.0,125519.08695652174,0.28176832121588885

125518.0,125520.0,125519.26086956522,0.5289363970821096
125519.0,125520.0,125519.73913043478,0.4391101091847935
125519.0,125520.0,125519.95652173914,0.20393094318872687
125520.0,125521.0,125520.08695652174,0.28176832121588885

125520.0,125521.0,125520.26086956522,0.4391101091847935
125520.0,125521.0,125520.60869565218,0.48804291058098503
125521.0,125521.0,125521.0,0.0
125521.0,125521.0,125521.0,0.0

125521.0,125521.0,125521.0,0.0
125521.0,125521.0,125521.0,0.0
125521.0,125521.0,125521.0,0.0
125521.0,125521.0,125521.0,0.0

125521.0,125521.0,125521.0,0.0
125520.0,125522.0,125521.0,0.2948830686389469
125521.0,125522.0,125521.08695652174,0.28176832121588885
125521.0,125522.0,125521.52173913043,0.49952866272887214

125521.0,125522.0,125521.82608695653,0.37903207479143913
125522.0,125522.0,125522.0,0.0
125522.0,125522.0,125522.0,0.0
125522.0,125522.0,125522.0,0.0

125522.0,125522.0,125522.0,0.0
125522.0,125522.0,125522.0,0.0
125522.0,125522.0,125522.0,0.0
125522.0,125522.0,125522.0,0.0

125522.0,125522.0,125522.0,0.0
125518.0,125522.0,125521.82608695653,0.8157237727549075
125522.0,125522.0,125522.0,0.0
125522.0,125522.0,125522.0,0.0

125521.0,125523.0,125522.17391304347,0.4802344766756034
125522.0,125523.0,125522.65217391304,0.4762822562280231
125522.0,125523.0,125522.95652173914,0.20392626667796118
125523.0,125523.0,125523.0,0.0

125523.0,125524.0,125523.30434782608,0.460131959646454
125523.0,125524.0,125523.78260869565,0.4124725332652372
125524.0,125524.0,125524.0,0.0
125524.0,125524.0,125524.0,0.0

125524.0,125524.0,125524.0,0.0
125524.0,125524.0,125524.0,0.0
125524.0,125524.0,125524.0,0.0
125524.0,125524.0,125524.0,0.0

125524.0,125525.0,125524.26086956522,0.4391079373453052
125524.0,125525.0,125524.39130434782,0.48804291058098503
125524.0,125525.0,125524.73913043478,0.4391079373453052
125525.0,125525.0,125525.0,0.0

125525.0,125525.0,125525.0,0.0
125525.0,125525.0,125525.0,0.0
125525.0,125525.0,125525.0,0.0
125525.0,125525.0,125525.0,0.0

125525.0,125525.0,125525.0,0.0
125524.0,125525.0,125524.95652173914,0.20392626667796118
125525.0,125525.0,125525.0,0.0
125524.0,125525.0,125524.95652173914,0.20392626667796118
