125500.0,125505.0,125502.95652173914,1.8291894145179635
125503.0,125505.0,125504.69565217392,0.5465121564150014
125505.0,125505.0,125505.0,0.0
125505.0,125505.0,125505.0,0.0

-1.0,125506.0,114591.78260869565,35364.100479043314
125505.0,125506.0,125505.43478260869,0.4957302894694462
125505.0,125506.0,125505.86956521739,0.3367795814033198
125506.0,125506.0,125506.0,0.0

125506.0,125506.0,125506.0,0.0
125506.0,125506.0,125506.0,0.0
125506.0,125506.0,125506.0,0.0
125506.0,125506.0,125506.0,0.0

125506.0,125506.0,125506.0,0.0
125506.0,125506.0,125506.0,0.0
125506.0,125506.0,125506.0,0.0
-1.0,125506.0,120049.17391304347,25594.783076876527

125506.0,125506.0,125506.0,0.0
125506.0,125506.0,125506.0,0.0
125506.0,125506.0,125506.0,0.0
125506.0,125506.0,125506.0,0.0

125506.0,125508.0,125506.43478260869,0.8249439104838194
125506.0,125508.0,125507.13043478261,0.8994845715779877
-1.0,125508.0,114594.17391304347,35364.838448542294
125508.0,125508.0,125508.0,0.0

125508.0,125508.0,125508.0,0.0
125508.0,125508.0,125508.0,0.0
125508.0,125509.0,125508.04347826086,0.20393094318872687
125508.0,125509.0,125508.17391304347,0.3790345908612246

125508.0,125509.0,125508.47826086957,0.49952675357688553
125508.0,125509.0,125508.91304347826,0.2817717058000202
125509.0,125509.0,125509.0,0.0
125509.0,125509.0,125509.0,0.0

125509.0,125510.0,125509.26086956522,0.4391101091847935
125509.0,125510.0,125509.47826086957,0.49952675357688553
125509.0,125511.0,125509.95652173914,0.5499599095385129
125509.0,125511.0,125510.43478260869,0.5768054646649794

125510.0,125511.0,125510.78260869565,0.4124725332652372
125510.0,125512.0,125511.0,0.2948830686389469
125511.0,125512.0,125511.21739130435,0.4124702211670673
125510.0,125512.0,125511.52173913043,0.6507233922547575

125511.0,125512.0,125511.82608695653,0.37903207479143913
125512.0,125513.0,125512.08695652174,0.2817717058000202
125512.0,125513.0,125512.26086956522,0.4391079373453052
125512.0,125514.0,125512.82608695653,0.48023249082007957

125513.0,125514.0,125513.17391304347,0.37903710691430825
125513.0,125514.0,125513.34782608696,0.47627825155090864
125513.0,125514.0,125513.82608695653,0.37903207479143913
125514.0,125514.0,125514.0,0.0

125514.0,125515.0,125514.04347826086,0.20393561959225406
125514.0,125515.0,125514.13043478261,0.3367824131376639
125514.0,125515.0,125514.43478260869,0.4957302894694462
125514.0,125515.0,125514.82608695653,0.37903207479143913

125514.0,125515.0,125514.86956521739,0.3367795814033198
125514.0,125515.0,125514.91304347826,0.2817717058000202
125515.0,125516.0,125515.08695652174,0.28176832121588885
125515.0,125516.0,125515.39130434782,0.48804291058098503

125515.0,125516.0,125515.60869565218,0.4880409564982498
125515.0,125517.0,125516.0,0.41702992181434245
125516.0,125517.0,125516.21739130435,0.4124702211670673
125516.0,125517.0,125516.69565217392,0.46012988703131763

125517.0,125517.0,125517.0,0.0
125517.0,125517.0,125517.0,0.0
125517.0,125517.0,125517.0,0.0
125517.0,125517.0,125517.0,0.0

125517.0,125517.0,125517.0,0.0
125517.0,125517.0,125517.0,0.0
125517.0,125517.0,125517.0,0.0
125517.0,125517.0,125517.0,0.0

125516.0,125518.0,125517.0,0.2948830686389469
125517.0,125518.0,125517.17391304347,0.37903710691430825
125517.0,125518.0,125517.47826086957,0.49952675357688553
125517.0,125518.0,125517.69565217392,0.46012781440684536

125517.0,125518.0,125517.91304347826,0.28177509034349707
125518.0,125518.0,125518.0,0.0
125518.0,125518.0,125518.0,0.0
125518.0,125518.0,125518.0,0.0

125518.0,125518.0,125518.0,0.0
125518.0,125518.0,125518.0,0.0
125518.0,125518.0,125518.0,0.0
125516.0,125518.0,125517.73913043478,0.6735619945469362

125518.0,125518.0,125518.0,0.0
125518.0,125518.0,125518.0,0.0
125518.0,125518.0,125518.0,0.0
125517.0,125518.0,125517.95652173914,0.20392626667796118

125518.0,125521.0,125518.65217391304,1.2374129756036918
125517.0,125522.0,125519.43478260869,1.6104578615802965
125518.0,125522.0,125520.95652173914,0.6901955214198988
125521.0,125522.0,125521.17391304347,0.37903710691430825

125521.0,125522.0,125521.47826086957,0.49952675357688553
125522.0,125522.0,125522.0,0.0
125521.0,125522.0,125521.82608695653,0.37903207479143913
125522.0,125522.0,125522.0,0.0

125522.0,125522.0,125522.0,0.0
125521.0,125522.0,125521.95652173914,0.20392626667796118
125522.0,125522.0,125522.0,0.0
125522.0,125522.0,125522.0,0.0

125522.0,125522.0,125522.0,0.0
125522.0,125522.0,125522.0,0.0
125522.0,125522.0,125522.0,0.0
125522.0,125522.0,125522.0,0.0

125522.0,125522.0,125522.0,0.0
125522.0,125522.0,125522.0,0.0
125521.0,125522.0,125521.95652173914,0.20392626667796118
125521.0,125522.0,125521.95652173914,0.20392626667796118

125522.0,125522.0,125522.0,0.0
125522.0,125522.0,125522.0,0.0
125520.0,125524.0,125522.08695652174,0.7170602590013356
125520.0,125524.0,125522.17391304347,0.7010671383300525

125522.0,125524.0,125522.65217391304,0.7580704397521226
125522.0,125524.0,125523.30434782608,0.6209939360637345
125523.0,125524.0,125523.86956521739,0.3367795814033198
125524.0,125524.0,125524.0,0.0

125522.0,125527.0,125524.17391304347,0.9161447137186403
125522.0,125527.0,125525.34782608696,1.4021308758607351
125524.0,125527.0,125526.04347826086,1.1220435395794204
125525.0,125527.0,125526.91304347826,0.407864224599324

125527.0,125527.0,125527.0,0.0
125527.0,125527.0,125527.0,0.0
125523.0,125527.0,125526.65217391304,1.1270859770588122
125527.0,125527.0,125527.0,0.0
