-1.0,59368.0,32328.833333333332,15591.852608725567
-1.0,59368.0,31897.466666666667,21522.409583553188
-1.0,59368.0,39939.95,20734.701805929923
-1.0,61431.0,45290.85,20819.806977031116

-1.0,66452.0,51931.416666666664,20865.825658471374
-1.0,66461.0,57145.21666666667,19334.686907293217
-1.0,66462.0,64000.9,11952.611842466318
66452.0,66462.0,66454.05,3.8272052516355815

-1.0,82387.0,65132.833333333336,20808.097442395392
-1.0,82387.0,64673.86666666667,29680.9859351441
-1.0,82387.0,76894.46666666666,20551.1779187688
82387.0,82387.0,82387.0,0.0

82386.0,82390.0,82387.73333333334,1.2631525449472207
82387.0,82391.0,82388.73333333334,1.5369520870327977
82387.0,82391.0,82390.01666666666,1.0406999807293824
82389.0,82392.0,82390.66666666667,0.5374830021499263

82390.0,82392.0,82391.01666666666,0.4651770158411683
82391.0,82392.0,82391.4,0.48989868829430483
82391.0,82392.0,82391.78333333334,0.4119716613060154
82392.0,82392.0,82392.0,0.0

82392.0,82392.0,82392.0,0.0
82392.0,82392.0,82392.0,0.0
82392.0,82392.0,82392.0,0.0
82392.0,82392.0,82392.0,0.0

-1.0,91432.0,73131.61666666667,28964.428737730268
-1.0,91432.0,74703.0,31644.586066182004
-1.0,92418.0,81550.48333333334,27298.00425824304
-1.0,92432.0,89940.81666666667,11710.784628554538

-1.0,92432.0,85502.01666666666,22854.595745343122
-1.0,92432.0,79621.03333333334,31233.71789106907
-1.0,92432.0,79920.15,31355.217226072084
92418.0,92432.0,92430.73333333334,3.850829513163771

92418.0,92432.0,92431.76666666666,1.7922675729305921
92432.0,92432.0,92432.0,0.0
92431.0,93433.0,92465.35,179.68813955972712
92432.0,93433.0,92582.18333333333,357.4145348500804

92432.0,93433.0,92915.91666666667,500.1252273734486
92432.0,93434.0,93266.3,372.8420711227268
92433.0,93434.0,93416.4,128.0280177700245
93433.0,93434.0,93433.13333333333,0.3399363424509732

92433.0,96459.0,93634.91666666667,683.2806229664167
92432.0,96459.0,94205.5,1249.9084033105835
92432.0,96460.0,95176.65,1334.4481109566036
93434.0,96460.0,96253.83333333333,605.6181461036944

96441.0,96460.0,96458.38333333333,2.490593570908192
96457.0,96460.0,96459.36666666667,0.6823160492323473
96459.0,96460.0,96459.85,0.35706949842990565
96460.0,96460.0,96460.0,0.0

96460.0,96460.0,96460.0,0.0
96460.0,96460.0,96460.0,0.0
96460.0,96460.0,96460.0,0.0
96460.0,96460.0,96460.0,0.0

96460.0,96460.0,96460.0,0.0
96457.0,96460.0,96459.88333333333,0.5193494894691956
96460.0,96460.0,96460.0,0.0
96460.0,96461.0,96460.06666666667,0.249442432436042

96460.0,96463.0,96461.08333333333,1.3075635812154216
96460.0,96463.0,96462.51666666666,0.9035425191225395
96462.0,96463.0,96462.98333333334,0.1280153875638589
96462.0,96463.0,96462.98333333334,0.1280153875638589

96463.0,96463.0,96463.0,0.0
96463.0,96463.0,96463.0,0.0
96463.0,96463.0,96463.0,0.0
96463.0,96463.0,96463.0,0.0

96461.0,96463.0,96462.95,0.2843122140510213
96463.0,96463.0,96463.0,0.0
96463.0,96463.0,96463.0,0.0
96463.0,96463.0,96463.0,0.0

96463.0,96464.0,96463.28333333334,0.4506156101386035
96462.0,96464.0,96463.71666666666,0.4861986838281753
96462.0,96466.0,96464.0,0.3651481975537574
96464.0,96466.0,96464.1,0.43588831907839004

96463.0,96467.0,96464.36666666667,0.8359956810214533
96464.0,96467.0,96465.08333333333,1.1149247736850063
96464.0,96467.0,96466.06666666667,0.8137701816663817
96466.0,96467.0,96466.58333333333,0.49300836805936926

96466.0,96467.0,96466.95,0.2179463474150519
96467.0,96467.0,96467.0,0.0
96466.0,96468.0,96467.0,0.18257279289924677
96467.0,96468.0,96467.03333333334,0.17950164471141083

96465.0,96468.0,96467.01666666666,0.4278502982183685
96466.0,96468.0,96467.26666666666,0.47842393892031704
95466.0,96468.0,96417.51666666666,218.29387620522567
96467.0,96468.0,96467.98333333334,0.1280153875638589

96468.0,96468.0,96468.0,0.0
96468.0,96468.0,96468.0,0.0
96468.0,96468.0,96468.0,0.0
96466.0,96468.0,96467.93333333333,0.3590112586846054

96468.0,96469.0,96468.03333333334,0.17950164471141083
96468.0,96469.0,96468.13333333333,0.3399335369896776
96468.0,96469.0,96468.51666666666,0.4997233579174003
96468.0,96469.0,96468.88333333333,0.3210232919579079

95467.0,96469.0,96435.6,179.86450455765618
96465.0,96469.0,96468.83333333333,0.7564546670687399
96469.0,96469.0,96469.0,0.0
96467.0,96469.0,96468.9,0.43589050695973774

96467.0,96469.0,96468.93333333333,0.3590112586846054
96469.0,96469.0,96469.0,0.0
96469.0,96469.0,96469.0,0.0
96468.0,96469.0,96468.95,0.2179463474150519

96469.0,96469.0,96469.0,0.0
96467.0,96469.0,96468.96666666666,0.2560382247043703
96468.0,96469.0,96468.96666666666,0.1795069575329446
96469.0,96469.0,96469.0,0.0

96469.0,96470.0,96469.3,0.4582586516600522
96469.0,96470.0,96469.73333333334,0.44221570898868706
96469.0,96470.0,96469.95,0.2179463474150519
96470.0,96470.0,96470.0,0.0

96470.0,96470.0,96470.0,0.0
96469.0,96470.0,96469.98333333334,0.1280153875638589
96469.0,96470.0,96469.98333333334,0.1280153875638589
96470.0,96470.0,96470.0,0.0

96469.0,96470.0,96469.98333333334,0.1280153875638589
96470.0,96470.0,96470.0,0.0
96470.0,96470.0,96470.0,0.0
96470.0,96470.0,96470.0,0.0

95468.0,96470.0,96403.2,249.94271343772027
96469.0,96470.0,96469.98333333334,0.1280153875638589
96468.0,96470.0,96469.96666666666,0.2560419494114166
96470.0,96470.0,96470.0,0.0
