-1.0,48511.0,34170.35,16246.177242482818
-1.0,64412.0,39727.76666666667,16143.747860360323
-1.0,64412.0,39502.083333333336,20203.913369519658
-1.0,68425.0,41397.666666666664,22509.95425707382

-1.0,68425.0,49401.23333333333,24284.802722667715
-1.0,85341.0,58798.183333333334,20251.42446059179
-1.0,85341.0,53780.166666666664,27283.230675127583
-1.0,85341.0,58406.9,26627.571806118558

-1.0,86342.0,60298.48333333333,30926.79092280762
-1.0,86362.0,66695.06666666667,30447.547177545996
66342.0,96404.0,84602.08333333333,3832.1488414538776
85341.0,96404.0,86099.28333333334,1430.4264293283422

-1.0,96404.0,81988.43333333333,18863.6925948294
-1.0,96404.0,85474.35,11343.75213619811
86362.0,96404.0,88067.96666666666,3301.9156004088186
-1.0,96404.0,87615.45,16849.29613013061

-1.0,96405.0,93022.45,12586.840894925484
96404.0,96405.0,96404.18333333333,0.38694063236950915
96404.0,96405.0,96404.51666666666,0.4997233579174003
96404.0,96406.0,96404.98333333334,0.465175990774006

96405.0,96406.0,96405.36666666667,0.4818937677471609
96405.0,96407.0,96405.88333333333,0.6605981555345906
96405.0,96407.0,96406.48333333334,0.5320285253693082
96406.0,96407.0,96406.91666666667,0.27638271544274945

-1.0,99412.0,95733.51666666666,12534.810100265717
-1.0,99412.0,93569.41666666667,21501.695119448646
97400.0,100412.0,99323.88333333333,459.5238873620559
99407.0,100413.0,99575.65,374.0757421101589

99407.0,100413.0,100144.75,442.84623460111015
100411.0,100413.0,100412.1,0.5385155598297147
100411.0,100413.0,100412.28333333334,0.6348662780775485
100412.0,100413.0,100412.8,0.39999980926509127

100412.0,100413.0,100412.96666666666,0.1795122701972408
100413.0,100413.0,100413.0,0.0
100413.0,100413.0,100413.0,0.0
100413.0,100413.0,100413.0,0.0

100411.0,100413.0,100412.93333333333,0.30912175458106056
100413.0,100413.0,100413.0,0.0
100413.0,100413.0,100413.0,0.0
100413.0,100413.0,100413.0,0.0

100413.0,100414.0,100413.35,0.47696856099612156
99413.0,100414.0,100346.95,249.60905599320014
100413.0,100415.0,100413.98333333334,0.28819350481199313
100414.0,100415.0,100414.11666666667,0.32102032121169427

100414.0,100415.0,100414.38333333333,0.4861986838281753
100412.0,100415.0,100414.68333333333,0.7851040191737981
100414.0,100415.0,100414.98333333334,0.1280153875638589
100415.0,100416.0,100415.01666666666,0.1280153875638589

100415.0,100416.0,100415.08333333333,0.2763861659782208
100414.0,100416.0,100415.36666666667,0.5153215844976986
100415.0,100416.0,100415.65,0.47697056044093933
100415.0,100416.0,100415.95,0.2179463474150519

100415.0,100416.0,100415.98333333334,0.12802283703213974
100416.0,100416.0,100416.0,0.0
100416.0,100416.0,100416.0,0.0
100416.0,100416.0,100416.0,0.0

100415.0,100416.0,100415.93333333333,0.249442432436042
100416.0,100416.0,100416.0,0.0
100415.0,100416.0,100415.98333333334,0.12802283703213974
100415.0,100416.0,100415.98333333334,0.12802283703213974

100416.0,100416.0,100416.0,0.0
100416.0,100416.0,100416.0,0.0
100415.0,100416.0,100415.98333333334,0.12802283703213974
100416.0,100416.0,100416.0,0.0

100412.0,100417.0,100416.26666666666,0.7272473460883705
100416.0,100417.0,100416.8,0.39999980926509127
100416.0,100417.0,100416.95,0.2179463474150519
100417.0,100418.0,100417.01666666666,0.12802283703213974

100415.0,100418.0,100417.06666666667,0.40276780974816734
100415.0,100418.0,100417.13333333333,0.531246409684559
100417.0,100418.0,100417.48333333334,0.4997214495092335
100417.0,100418.0,100417.8,0.39999980926509127

100416.0,100418.0,100417.88333333333,0.4506177265146354
100418.0,100418.0,100418.0,0.0
100418.0,100418.0,100418.0,0.0
100418.0,100418.0,100418.0,0.0

100418.0,100418.0,100418.0,0.0
100416.0,100418.0,100417.96666666666,0.2560382247043703
100417.0,100418.0,100417.98333333334,0.1280153875638589
100417.0,100419.0,100418.0,0.18257279289924677

100418.0,100419.0,100418.45,0.49749318180491964
100418.0,100419.0,100418.9,0.3000002543130432
100419.0,100419.0,100419.0,0.0
100419.0,100419.0,100419.0,0.0

100418.0,100419.0,100418.9,0.3000002543130432
100419.0,100419.0,100419.0,0.0
100419.0,100419.0,100419.0,0.0
100418.0,100419.0,100418.98333333334,0.1280153875638589

100418.0,100419.0,100418.98333333334,0.1280153875638589
100419.0,100419.0,100419.0,0.0
100417.0,100419.0,100418.95,0.2843122140510213
100418.0,100419.0,100418.98333333334,0.1280153875638589

100419.0,100420.0,100419.48333333334,0.4997195410937785
100418.0,100420.0,100419.86666666667,0.3858596043606324
100420.0,100420.0,100420.0,0.0
100420.0,100420.0,100420.0,0.0

100420.0,100423.0,100420.9,1.350308757371578
100419.0,100423.0,100421.98333333334,1.3722444145546255
100419.0,100423.0,100422.78333333334,0.8183652017244836
100423.0,100423.0,100423.0,0.0

100421.0,100423.0,100422.96666666666,0.2560419494114166
100423.0,100423.0,100423.0,0.0
100422.0,100423.0,100422.96666666666,0.1795069575329446
100419.0,100423.0,100422.73333333334,0.9285584333579423

100423.0,100423.0,100423.0,0.0
100423.0,100423.0,100423.0,0.0
100423.0,100423.0,100423.0,0.0
100423.0,100423.0,100423.0,0.0

100423.0,100423.0,100423.0,0.0
100423.0,100423.0,100423.0,0.0
100421.0,100423.0,100422.93333333333,0.3590112586846054
100423.0,100423.0,100423.0,0.0

100422.0,100423.0,100422.95,0.2179463474150519
100422.0,100423.0,100422.98333333334,0.1280153875638589
100422.0,100423.0,100422.98333333334,0.1280153875638589
100423.0,100423.0,100423.0,0.0

100422.0,100424.0,100423.3,0.49328684269873596
100423.0,100424.0,100423.71666666666,0.45061984288072754
100422.0,100424.0,100423.96666666666,0.2560419494114166
100424.0,100424.0,100424.0,0.0
