-1.0,58432.0,29445.466666666667,19572.402997134053
-1.0,58432.0,37266.916666666664,19648.055604640776
-1.0,63289.0,38875.583333333336,23041.451357131464
-1.0,63289.0,50656.01666666667,17421.0067949508

-1.0,75360.0,57120.066666666666,18329.328871935162
-1.0,75360.0,59925.816666666666,20984.021334888497
-1.0,76364.0,65013.833333333336,21933.582989080667
-1.0,78328.0,73134.71666666666,9746.879902634973

72312.0,90360.0,80653.06666666667,5929.484766449384
-1.0,90364.0,78515.88333333333,24193.32367485685
72317.0,90364.0,88384.15,3000.394684176516
87342.0,90364.0,90125.75,786.5847406140001

90359.0,94385.0,90981.4,1117.9403860080822
90360.0,94385.0,92138.18333333333,1695.328311288258
90364.0,94385.0,93445.51666666666,1511.6891048500318
91368.0,94386.0,94283.45,541.3891830277605

94380.0,95388.0,94401.71666666666,128.40510007111743
94385.0,95388.0,94485.5,300.8335918749458
94385.0,95388.0,94669.58333333333,451.71740028921266
94385.0,95388.0,94970.45,494.01806394083144

94386.0,95389.0,95354.61666666667,179.86764501256565
95388.0,95389.0,95388.06666666667,0.24944625563083161
95388.0,95389.0,95388.28333333334,0.4506156101386035
95388.0,95389.0,95388.6,0.4898977149550343

-1.0,97390.0,94263.81666666667,12295.70091196063
-1.0,98391.0,80321.13333333333,35933.24505035538
-1.0,98391.0,79267.0,37564.31720085787
-1.0,98414.0,89391.6,26960.36454884586

-1.0,102396.0,97586.96666666666,12881.983118509257
-1.0,102396.0,97565.56666666667,18239.82872668736
98403.0,103398.0,102296.3,649.3295080307578
-1.0,103398.0,99016.16666666667,18387.90491252932

102396.0,103398.0,102546.9,357.5345997266257
102396.0,103400.0,102764.26666666666,482.2685927529157
102396.0,103401.0,103164.8,423.26334591918425
-1.0,103401.0,101658.88333333333,13235.60961710453

-1.0,103402.0,91336.45,33194.02892309852
-1.0,103402.0,99954.11666666667,18561.19921600944
-1.0,103403.0,101678.15,13237.497820994528
103401.0,103403.0,103402.0,0.3651481975537574

-1.0,103403.0,94785.33333333333,28579.154814110396
-1.0,103403.0,98232.5,22536.310497727893
103402.0,103403.0,103402.9,0.3000034332078942
103403.0,103403.0,103403.0,0.0

-1.0,104413.0,102015.78333333334,13289.891265032518
-1.0,104413.0,98938.81666666667,22702.478196951415
103403.0,104413.0,104395.2,129.18059709965235
104412.0,104413.0,104412.46666666666,0.498888688081523

104412.0,104413.0,104412.76666666666,0.42295191325120113
103411.0,104413.0,104396.3,128.27513399029792
104413.0,104413.0,104413.0,0.0
104413.0,104413.0,104413.0,0.0

104413.0,104413.0,104413.0,0.0
103411.0,104413.0,104396.3,128.27513399029792
104412.0,104413.0,104412.95,0.2179463474150519
104413.0,104413.0,104413.0,0.0

104413.0,104414.0,104413.01666666666,0.12802283703213974
104412.0,104414.0,104413.06666666667,0.30912175458106056
104413.0,104414.0,104413.26666666666,0.4422178655651533
104413.0,104414.0,104413.73333333334,0.44221570898868706

104413.0,105415.0,104730.95,465.6640929904413
104414.0,105415.0,105131.38333333333,450.99357318739635
104413.0,105416.0,105348.21666666666,249.68013481955416
105415.0,105416.0,105415.05,0.2179419716413745

105414.0,105417.0,105415.68333333333,0.9572813369033152
105415.0,105417.0,105416.53333333334,0.7630347206145217
105416.0,105417.0,105416.93333333333,0.24944625563083161
105417.0,105418.0,105417.03333333334,0.17950164471141083

105417.0,105418.0,105417.11666666667,0.32102032121169427
105414.0,105418.0,105417.33333333333,0.6497862244239807
105417.0,105418.0,105417.75,0.4330127018922193
105418.0,105418.0,105418.0,0.0

105418.0,105418.0,105418.0,0.0
105418.0,105418.0,105418.0,0.0
105418.0,105418.0,105418.0,0.0
105418.0,105418.0,105418.0,0.0

105418.0,105419.0,105418.33333333333,0.47140564470565216
103417.0,105419.0,105385.46666666666,256.27280169757205
105419.0,105419.0,105419.0,0.0
105417.0,105419.0,105418.96666666666,0.2560419494114166

105419.0,105421.0,105419.38333333333,0.6853632232639378
105418.0,105421.0,105420.0,0.8755948905478581
105419.0,105421.0,105420.63333333333,0.604611287994454
105420.0,105421.0,105420.93333333333,0.249442432436042

105421.0,105421.0,105421.0,0.0
105421.0,105421.0,105421.0,0.0
105421.0,105421.0,105421.0,0.0
105420.0,105422.0,105420.98333333334,0.22298153322675904

105420.0,105422.0,105421.01666666666,0.22299008690392916
105421.0,105422.0,105421.15,0.35707484006332624
105421.0,105422.0,105421.38333333333,0.4861986838281753
105421.0,105422.0,105421.71666666666,0.4506177265146354

105421.0,105422.0,105421.96666666666,0.1795069575329446
105422.0,105422.0,105422.0,0.0
-1.0,105422.0,101891.21666666666,18921.343328889794
105422.0,105422.0,105422.0,0.0

105422.0,105422.0,105422.0,0.0
105419.0,105422.0,105421.95,0.3840585786325949
105422.0,105423.0,105422.01666666666,0.12802283703213974
105422.0,105423.0,105422.05,0.2179419716413745

105422.0,105423.0,105422.18333333333,0.38693816770885087
105422.0,105423.0,105422.48333333334,0.4997214495092335
105422.0,105423.0,105422.95,0.2179463474150519
105422.0,105423.0,105422.96666666666,0.1795122701972408

105423.0,105423.0,105423.0,0.0
105423.0,105423.0,105423.0,0.0
-1.0,105423.0,103665.93333333333,13496.285155388348
105423.0,105423.0,105423.0,0.0

105423.0,105423.0,105423.0,0.0
104422.0,105423.0,105406.31666666667,128.1471148948648
105423.0,105423.0,105423.0,0.0
-1.0,105423.0,103665.93333333333,13496.285155388348

105423.0,105423.0,105423.0,0.0
-1.0,105423.0,103665.93333333333,13496.285155388348
-1.0,105423.0,101908.86666666667,18924.18715424493
105423.0,105423.0,105423.0,0.0

105423.0,105423.0,105423.0,0.0
105423.0,105423.0,105423.0,0.0
105421.0,105423.0,105422.93333333333,0.3590112586846054
105423.0,105423.0,105423.0,0.0
