-1.0,63477.0,33250.23333333333,16205.83220260191
-1.0,63477.0,41231.23333333333,15995.601794833765
-1.0,63477.0,48280.36666666667,18971.011362046276
-1.0,63478.0,53905.63333333333,19976.599382750035

-1.0,77383.0,57243.65,22804.226693623405
-1.0,77383.0,64168.73333333333,19842.970519276823
-1.0,77391.0,68337.25,20879.3312118508
71337.0,77391.0,76676.83333333333,1804.997619266208

77383.0,79394.0,77920.36666666667,888.1114788628822
77383.0,79402.0,78691.56666666667,957.3993657591739
77385.0,79403.0,79295.21666666666,437.25042754687286
79392.0,79405.0,79398.25,4.002603279797024

79394.0,79411.0,79402.28333333334,2.793394853859782
79396.0,79411.0,79404.21666666666,2.9837991048977597
79403.0,79411.0,79407.41666666667,3.6022753889174126
79403.0,79411.0,79410.66666666667,1.3249732824546878

79411.0,79411.0,79411.0,0.0
79411.0,79413.0,79411.03333333334,0.2560363623305276
79411.0,79413.0,79411.13333333333,0.4642802437260878
79411.0,79413.0,79411.73333333334,0.8730528829141715

-1.0,86440.0,80693.98333333334,11013.90014253452
-1.0,86440.0,80169.48333333334,18643.62844646184
79413.0,86440.0,86045.56666666667,1542.1814243324513
86425.0,86441.0,86433.53333333334,6.768718831421161

86425.0,86442.0,86438.65,3.957377201182491
86439.0,86442.0,86440.43333333333,0.7156970658309719
86440.0,86442.0,86441.11666666667,0.6853625275198652
86441.0,86442.0,86441.75,0.4330127018922193

86439.0,86442.0,86441.86666666667,0.46427921667897115
86442.0,86442.0,86442.0,0.0
86441.0,86442.0,86441.98333333334,0.1280153875638589
85440.0,86443.0,86391.9,218.38091339288889

-1.0,86443.0,83560.66666666667,15517.011953193662
86441.0,86444.0,86442.33333333333,0.5374838893161488
86440.0,86445.0,86442.78333333334,0.7323847646848481
86441.0,86445.0,86443.45,0.8046744632590803

86443.0,86449.0,86445.86666666667,2.3907227340367263
86444.0,86449.0,86448.35,1.5898110576145752
86446.0,86450.0,86448.95,0.42524559554252916
86448.0,86450.0,86449.06666666667,0.4422167872782348

86447.0,86451.0,86449.66666666667,0.8692267557392986
86449.0,86452.0,86450.41666666667,0.6656238824539474
86450.0,86452.0,86450.81666666667,0.5320303178910704
86450.0,86452.0,86451.31666666667,0.4997224037142279

86450.0,86452.0,86451.7,0.4932887760007522
86451.0,86452.0,86451.9,0.30000184376467925
86451.0,86452.0,86451.95,0.2179463474150519
86451.0,86452.0,86451.96666666666,0.1795096138847465

86452.0,86452.0,86452.0,0.0
86452.0,86452.0,86452.0,0.0
86449.0,86452.0,86451.9,0.538517330758578
86452.0,86452.0,86452.0,0.0

86452.0,86452.0,86452.0,0.0
86451.0,86452.0,86451.98333333334,0.12801911235218516
86452.0,86452.0,86452.0,0.0
86451.0,86452.0,86451.98333333334,0.12801911235218516

86451.0,86452.0,86451.98333333334,0.12801911235218516
86452.0,86452.0,86452.0,0.0
86452.0,86452.0,86452.0,0.0
86452.0,86452.0,86452.0,0.0

86451.0,86452.0,86451.98333333334,0.12801911235218516
86452.0,86452.0,86452.0,0.0
86452.0,86452.0,86452.0,0.0
85451.0,86452.0,86401.95,218.16289212560955

86452.0,87453.0,86785.65,471.8523718646675
86452.0,87453.0,87252.78333333334,400.3916870448472
87453.0,87453.0,87453.0,0.0
87452.0,87455.0,87453.03333333334,0.3144637396306297

87450.0,87455.0,87453.05,0.7836876034272999
87452.0,87456.0,87453.61666666667,0.9847445324186461
87452.0,87456.0,87454.43333333333,1.085766236776062
87455.0,87456.0,87455.36666666667,0.4818947572529412

87454.0,87456.0,87455.63333333333,0.6046128653270167
87455.0,87456.0,87455.95,0.2179463474150519
87456.0,87456.0,87456.0,0.0
87456.0,87456.0,87456.0,0.0

86454.0,87456.0,87422.6,179.86450455500508
87455.0,87456.0,87455.98333333334,0.1280153875638589
87456.0,87456.0,87456.0,0.0
87456.0,87456.0,87456.0,0.0

87455.0,87456.0,87455.98333333334,0.1280153875638589
87456.0,87456.0,87456.0,0.0
87456.0,87456.0,87456.0,0.0
87453.0,87456.0,87455.95,0.3840585786325949

86453.0,87456.0,87439.28333333334,128.40315307833754
87456.0,87456.0,87456.0,0.0
87453.0,87456.0,87455.9,0.5385182162208259
87455.0,87456.0,87455.98333333334,0.1280153875638589

87456.0,87456.0,87456.0,0.0
87456.0,87456.0,87456.0,0.0
87456.0,87456.0,87456.0,0.0
87455.0,87456.0,87455.98333333334,0.1280153875638589

87455.0,87456.0,87455.98333333334,0.1280153875638589
87456.0,87456.0,87456.0,0.0
87453.0,87456.0,87455.9,0.5385182162208259
87456.0,87456.0,87456.0,0.0

87456.0,87456.0,87456.0,0.0
87456.0,87456.0,87456.0,0.0
87454.0,87456.0,87455.96666666666,0.2560419494114166
87456.0,87456.0,87456.0,0.0

87456.0,87456.0,87456.0,0.0
87456.0,87456.0,87456.0,0.0
87452.0,87456.0,87455.93333333333,0.5120755182243593
87455.0,87456.0,87455.98333333334,0.1280153875638589

87455.0,87456.0,87455.98333333334,0.1280153875638589
87455.0,87456.0,87455.98333333334,0.1280153875638589
87456.0,87456.0,87456.0,0.0
87456.0,87456.0,87456.0,0.0

87456.0,87456.0,87456.0,0.0
-1.0,87456.0,85998.38333333333,11196.166061189104
87455.0,87456.0,87455.98333333334,0.1280153875638589
87456.0,87456.0,87456.0,0.0

87456.0,87456.0,87456.0,0.0
87456.0,87456.0,87456.0,0.0
87455.0,87456.0,87455.98333333334,0.1280153875638589
87456.0,87456.0,87456.0,0.0

87455.0,87456.0,87455.98333333334,0.1280153875638589
87455.0,87456.0,87455.96666666666,0.1795096138847465
87456.0,87456.0,87456.0,0.0
87456.0,87456.0,87456.0,0.0
