-1.0,62406.0,36385.26666666667,14047.39751207397
-1.0,62454.0,42569.78333333333,15744.169670168565
-1.0,63357.0,45287.5,19984.601694387937
-1.0,63357.0,49978.63333333333,21509.389301703166

-1.0,73403.0,48071.73333333333,26783.909850795793
-1.0,78438.0,50585.333333333336,28119.457473824456
-1.0,78438.0,51766.833333333336,30204.456550960967
-1.0,78438.0,58730.8,28127.415199291474

-1.0,81434.0,68012.76666666666,25130.768373560648
-1.0,81434.0,76717.48333333334,14715.389978399748
81431.0,81434.0,81432.4,1.49666319684573
81431.0,81435.0,81433.63333333333,1.1396881854947212

-1.0,89476.0,71396.41666666667,28057.931749799172
-1.0,89476.0,76752.83333333333,23250.91491545132
-1.0,89476.0,78933.5,23893.87943909485
84510.0,89476.0,88744.31666666667,1505.1055388430002

88473.0,89476.0,89459.28333333334,128.40315307833754
89475.0,89476.0,89475.98333333334,0.12801911235218516
89476.0,89476.0,89476.0,0.0
89476.0,89476.0,89476.0,0.0

89476.0,89476.0,89476.0,0.0
89475.0,89476.0,89475.98333333334,0.12801911235218516
89476.0,89477.0,89476.03333333334,0.17950430114183327
89476.0,89478.0,89476.2,0.5099021757963345

-1.0,89504.0,72645.81666666667,34502.9515662509
-1.0,89506.0,82034.26666666666,24734.566863579585
-1.0,89506.0,82042.96666666666,24737.187763208316
89478.0,89506.0,89503.91666666667,3.5274714956882454

-1.0,93497.0,87586.0,16358.76509499826
-1.0,93497.0,89415.38333333333,16687.89361692249
89506.0,93497.0,93363.03333333334,716.2331316601001
93495.0,93497.0,93496.0,0.3162283691728599

93496.0,93498.0,93496.66666666667,0.8881941968254544
93496.0,93499.0,93497.16666666667,0.9159083842475517
93496.0,93499.0,93497.88333333333,0.4861986838281753
93497.0,93499.0,93498.08333333333,0.3312461996760184

93498.0,93499.0,93498.28333333334,0.4506156101386035
93498.0,93499.0,93498.66666666667,0.47140362165740596
-1.0,93500.0,91940.65,11969.783289356885
93498.0,93500.0,93499.0,0.3162283691728599

93499.0,93500.0,93499.13333333333,0.3399363424509732
-1.0,93500.0,87265.96666666666,23323.077893627662
93499.0,93500.0,93499.56666666667,0.49553594994263217
93499.0,93500.0,93499.9,0.3000034332078942

93499.0,93500.0,93499.98333333334,0.1280153875638589
-1.0,93500.0,91941.58333333333,11969.904800918683
93497.0,93500.0,93499.95,0.3840585786325949
93500.0,93500.0,93500.0,0.0

93500.0,93508.0,93502.26666666666,3.60493493390457
93499.0,93509.0,93505.11666666667,4.0170124195335175
-1.0,93509.0,90390.65,16785.308177912655
93508.0,93509.0,93508.48333333334,0.4997214495092335

-1.0,93510.0,90392.33333333333,16785.62061077546
93508.0,93510.0,93509.75,0.4699285314885991
-1.0,93510.0,91951.48333333334,11971.193667148991
93510.0,93510.0,93510.0,0.0

93509.0,93511.0,93510.0,0.18257279289924677
93510.0,93511.0,93510.06666666667,0.24944625563083161
93510.0,93511.0,93510.18333333333,0.38693816770885087
-1.0,93511.0,88834.93333333333,20380.360845567866

93510.0,93511.0,93510.85,0.35706949842990565
93510.0,93511.0,93510.96666666666,0.1795122701972408
93511.0,93511.0,93511.0,0.0
93511.0,93511.0,93511.0,0.0

-1.0,93511.0,91952.45,11971.319517113976
93511.0,93511.0,93511.0,0.0
-1.0,93511.0,90393.93333333333,16785.917714825388
93511.0,93511.0,93511.0,0.0

93511.0,93511.0,93511.0,0.0
93507.0,93511.0,93510.93333333333,0.5120764494087406
92509.0,93511.0,93494.2,128.26285510860248
93511.0,93512.0,93511.03333333334,0.17950164471141083

93511.0,93512.0,93511.13333333333,0.3399335369896776
93511.0,93512.0,93511.48333333334,0.4997214495092335
93511.0,93513.0,93511.95,0.33788498008290485
93510.0,93513.0,93511.91666666667,0.6656231660772858

93511.0,93513.0,93512.28333333334,0.4861986838281753
93512.0,93513.0,93512.63333333333,0.4818937677471609
93512.0,93513.0,93512.96666666666,0.1795122701972408
93511.0,93513.0,93512.9,0.43589050695973774

93511.0,93516.0,93513.38333333333,0.709265450912702
93512.0,93516.0,93513.96666666666,0.7738800324116327
93513.0,93516.0,93514.66666666667,0.8498360868495282
93514.0,93516.0,93515.45,0.6435583922029179

93515.0,93516.0,93515.9,0.3000002543130432
93516.0,93516.0,93516.0,0.0
-1.0,93516.0,91957.38333333333,11971.961781723796
93515.0,93517.0,93516.0,0.18257279289924677

-1.0,93517.0,85722.95,25846.743427638365
-1.0,93517.0,91957.51666666666,11971.979145058769
93516.0,93517.0,93516.36666666667,0.4818937677471609
-1.0,93517.0,91958.18333333333,11972.065939081811

93517.0,93517.0,93517.0,0.0
93517.0,93517.0,93517.0,0.0
-1.0,93517.0,87282.46666666666,23327.48769975505
-1.0,93517.0,90399.73333333334,16786.99474778678

93516.0,93518.0,93516.96666666666,0.2560419494114166
93517.0,93518.0,93517.08333333333,0.2763861659782208
93516.0,93518.0,93517.36666666667,0.515319733855192
93517.0,93518.0,93517.66666666667,0.47140362165740596

93518.0,93518.0,93518.0,0.0
93518.0,93518.0,93518.0,0.0
93517.0,93518.0,93517.98333333334,0.1280153875638589
-1.0,93518.0,88842.0,20381.982045424345

93518.0,93518.0,93518.0,0.0
93518.0,93518.0,93518.0,0.0
93518.0,93518.0,93518.0,0.0
-1.0,93518.0,91959.31666666667,11972.213483022088

93518.0,93518.0,93518.0,0.0
93518.0,93518.0,93518.0,0.0
93517.0,93518.0,93517.96666666666,0.1795069575329446
93518.0,93518.0,93518.0,0.0

93518.0,93519.0,93518.36666666667,0.4818937677471609
-1.0,93519.0,90401.41666666667,16787.307340459767
93516.0,93519.0,93518.9,0.538517330758578
93518.0,93519.0,93518.96666666666,0.1795069575329446

93518.0,93519.0,93518.98333333334,0.1280153875638589
93516.0,93519.0,93518.93333333333,0.40276780974816734
93518.0,93519.0,93518.96666666666,0.1795069575329446
93519.0,93519.0,93519.0,0.0
