-1.0,53446.0,32276.683333333334,18696.828219862735
-1.0,66331.0,38720.433333333334,19018.97894066754
-1.0,71421.0,38533.28333333333,23910.60468013559
-1.0,71421.0,48111.53333333333,21410.75552027272

-1.0,80409.0,58410.63333333333,20716.015750272927
-1.0,80409.0,60937.55,24172.594026034923
-1.0,80409.0,67358.85,18277.16698581865
-1.0,81415.0,66693.78333333334,22574.76822700633

-1.0,83410.0,72895.11666666667,22351.274549110658
-1.0,83410.0,72529.05,26426.88684807261
-1.0,83410.0,81670.35,10666.705572051374
83410.0,83410.0,83410.0,0.0

-1.0,91427.0,84154.1,11481.237705781778
-1.0,91427.0,83370.56666666667,22512.48690272925
83410.0,91427.0,91169.2,1061.3235102145802
91417.0,91433.0,91424.53333333334,3.77035200443748

91423.0,92442.0,91713.71666666666,456.000770894453
91427.0,92442.0,92119.06666666667,470.01584606850884
91427.0,92442.0,92372.71666666666,251.48996611462545
92439.0,92442.0,92441.3,1.1874341444526975

92425.0,94431.0,93099.35,930.2393209095085
-1.0,94432.0,92282.4,12047.034503976533
92442.0,94432.0,94385.88333333333,253.1828121899218
94414.0,94432.0,94427.25,7.205611257044504

94415.0,94433.0,94431.36666666667,2.190636702001555
94431.0,94433.0,94431.96666666666,0.31446828864836224
94432.0,94434.0,94432.2,0.4760960031073614
94431.0,94435.0,94432.48333333334,0.7414315640436117

94431.0,94435.0,94433.2,0.8906924573548758
94433.0,94435.0,94434.15,0.8331663600216224
94433.0,94435.0,94434.81666666667,0.4278502982183685
94433.0,94436.0,94434.98333333334,0.38694063236950915

92471.0,97441.0,94695.6,632.3847510284849
-1.0,97441.0,90468.8,20773.928059629616
-1.0,97460.0,89681.68333333333,23988.07671496521
95468.0,97460.0,97049.9,787.1780971727252

-1.0,98451.0,95875.36666666667,12483.948913126615
-1.0,98461.0,95948.08333333333,12495.592421985875
-1.0,98461.0,91325.93333333333,24412.642004957634
-1.0,98461.0,94922.08333333333,17631.95627857903

-1.0,98461.0,95121.4,17665.128370323273
-1.0,98461.0,91892.86666666667,24559.66929980035
98451.0,98461.0,98460.13333333333,1.8116905772793361
98460.0,98462.0,98461.03333333334,0.40688333294798323

98460.0,98462.0,98460.98333333334,0.4651739406329049
98461.0,98462.0,98461.31666666667,0.46517804090607173
98461.0,98462.0,98461.66666666667,0.47140362165740596
98461.0,98462.0,98461.95,0.2179463474150519

98461.0,98463.0,98462.0,0.25820061340495554
98462.0,98463.0,98462.1,0.2999970753845074
98462.0,98463.0,98462.41666666667,0.49300643365774616
98462.0,98463.0,98462.81666666667,0.38694063236950915

98463.0,98465.0,98463.7,0.9539401211610413
98463.0,98465.0,98464.31666666667,0.8849035833392476
97464.0,98466.0,98381.53333333334,276.64697520334494
-1.0,98468.0,96824.1,12605.554346794885

98464.0,98468.0,98465.61666666667,0.9325880435564113
-1.0,98468.0,85337.51666666666,33472.5201458807
-1.0,98468.0,96809.31666666667,12604.28382401748
98466.0,98468.0,98467.78333333334,0.4861986838281753

98467.0,98468.0,98467.98333333334,0.1280153875638589
98468.0,98468.0,98468.0,0.0
98468.0,98468.0,98468.0,0.0
98468.0,98468.0,98468.0,0.0

98468.0,98468.0,98468.0,0.0
98468.0,98468.0,98468.0,0.0
98468.0,98468.0,98468.0,0.0
98468.0,98468.0,98468.0,0.0

98468.0,98468.0,98468.0,0.0
98468.0,98468.0,98468.0,0.0
-1.0,98468.0,96826.85,12605.912344114573
98467.0,98469.0,98468.01666666666,0.22299008690392916

98466.0,98469.0,98468.03333333334,0.481891788729505
98468.0,98469.0,98468.28333333334,0.4506156101386035
98468.0,98469.0,98468.7,0.4582586516600522
98468.0,98470.0,98469.0,0.18257279289924677

98467.0,98470.0,98469.01666666666,0.465175990774006
98469.0,98470.0,98469.35,0.47696856099612156
98469.0,98470.0,98469.71666666666,0.4506177265146354
98470.0,98470.0,98470.0,0.0

98468.0,99471.0,98852.95,485.8838827343338
98468.0,99471.0,99169.63333333333,458.2001006350663
98470.0,99471.0,99386.81666666667,276.4322395350293
99469.0,99471.0,99470.71666666666,0.6605981555345906

99471.0,99471.0,99471.0,0.0
99471.0,99471.0,99471.0,0.0
99470.0,99471.0,99470.96666666666,0.1795069575329446
99470.0,99471.0,99470.98333333334,0.12802283703213974

99471.0,99472.0,99471.03333333334,0.17950164471141083
99470.0,99472.0,99471.1,0.39581031063118244
99471.0,99472.0,99471.36666666667,0.4818937677471609
99471.0,99472.0,99471.75,0.4330127018922193

99471.0,99472.0,99471.9,0.3000034332078942
99472.0,99472.0,99472.0,0.0
99472.0,99472.0,99472.0,0.0
99471.0,99472.0,99471.98333333334,0.1280153875638589

99472.0,99473.0,99472.45,0.49749509876079745
99472.0,99473.0,99472.86666666667,0.3399335369896776
99471.0,99474.0,99472.96666666666,0.40688567679323906
99473.0,99474.0,99473.21666666666,0.41197513364545135

99472.0,99474.0,99473.45,0.6435583922029179
99473.0,99474.0,99473.85,0.35707216925660445
99474.0,99474.0,99474.0,0.0
99474.0,99475.0,99474.01666666666,0.12802283703213974

99471.0,99474.0,99473.95,0.3840585786325949
99473.0,99475.0,99474.0,0.18257279289924677
99473.0,99475.0,99474.01666666666,0.3411573257645973
99472.0,99475.0,99474.2,0.5099021757963345

99473.0,99475.0,99474.5,0.5322901696509444
99474.0,99475.0,99474.86666666667,0.3399335369896776
99474.0,99475.0,99474.96666666666,0.1795069575329446
99475.0,99475.0,99475.0,0.0

99473.0,99475.0,99474.9,0.3511906670792302
99474.0,99475.0,99474.95,0.2179463474150519
99473.0,99475.0,99474.95,0.2843155683518343
98473.0,99475.0,99458.25,128.26880953982126

99475.0,99476.0,99475.31666666667,0.465175990774006
99475.0,99476.0,99475.78333333334,0.41197281875574593
99475.0,99477.0,99476.01666666666,0.2229858101063587
99476.0,99477.0,99476.08333333333,0.2763861659782208
