-1.0,51509.0,32354.166666666668,17833.626784034204
-1.0,69326.0,37231.46666666667,20570.772033370282
-1.0,70338.0,38733.76666666667,25280.67654050333
-1.0,72351.0,45386.05,25947.203832927735

-1.0,73336.0,44102.35,31597.465565993847
-1.0,81342.0,54661.65,29004.701496955622
-1.0,81342.0,62640.6,24780.400281405193
-1.0,81342.0,71021.11666666667,16696.43454263179

-1.0,85374.0,72575.01666666666,22189.79596007416
-1.0,85374.0,80373.23333333334,10608.773632182398
81342.0,85374.0,82934.63333333333,1520.690774688387
81341.0,85376.0,84094.11666666667,1461.7386005672172

81341.0,85376.0,85155.36666666667,783.8950602951845
84361.0,85376.0,85357.71666666666,129.76467055142555
85374.0,85376.0,85375.36666666667,0.930351981548012
85374.0,85376.0,85375.9,0.43589050695973774

-1.0,94415.0,76872.36666666667,28059.52508149219
-1.0,96407.0,72002.63333333333,36128.170637775474
85376.0,96407.0,92206.61666666667,2140.340316333493
91406.0,96407.0,94376.28333333334,1983.3170035038863

-1.0,101419.0,95905.88333333333,12811.093458524761
-1.0,102420.0,98226.0,13024.463866125161
-1.0,102420.0,99779.01666666666,12993.361041305789
101419.0,102420.0,101686.93333333333,442.06718443636623

101419.0,102422.0,102004.91666666667,491.31667627651865
101421.0,102422.0,102304.93333333333,317.81786538005264
102419.0,102422.0,102420.78333333334,0.8581300908414861
101421.0,102422.0,102388.15,179.59610472875028

102421.0,102423.0,102422.18333333333,0.6189141566294692
102422.0,102423.0,102422.71666666666,0.45061984288072754
102423.0,102423.0,102423.0,0.0
-1.0,102423.0,99008.86666666667,18385.670673531462

102423.0,102423.0,102423.0,0.0
102423.0,102423.0,102423.0,0.0
101423.0,102423.0,102389.66666666667,179.5054935687889
102423.0,102424.0,102423.01666666666,0.12802283703213974

102422.0,102437.0,102427.16666666667,5.586193244254821
102422.0,102437.0,102432.56666666667,4.51060486621864
102429.0,102437.0,102435.93333333333,1.1813363179957774
102436.0,102437.0,102436.51666666666,0.4997214495092335

102436.0,102438.0,102437.2,0.5715469169682384
102437.0,102438.0,102437.7,0.4582586516600522
102437.0,102439.0,102437.98333333334,0.28819350481199313
101437.0,102439.0,102421.45,128.16492305374857

102438.0,102439.0,102438.3,0.4582565705722682
102438.0,102439.0,102438.83333333333,0.37268112387505414
102438.0,102439.0,102438.96666666666,0.1795069575329446
102439.0,102439.0,102439.0,0.0

102438.0,103440.0,102472.33333333333,179.69146396676422
102438.0,103440.0,102539.21666666666,300.2613912195479
102439.0,103440.0,102856.31666666667,493.3025944816123
102439.0,103441.0,103223.26666666666,412.18134628225596

102440.0,103441.0,103423.48333333334,128.0391205446476
103440.0,103441.0,103440.55,0.49749318180491964
-1.0,103441.0,94820.8,28589.84841384553
-1.0,103441.0,101716.96666666666,13242.551307517111

103440.0,103442.0,103441.0,0.40824751179130175
103440.0,103442.0,103441.23333333334,0.5587678651279164
103440.0,103442.0,103441.65,0.5107207138769758
103441.0,103442.0,103441.96666666666,0.1795069575329446

103441.0,103443.0,103442.0,0.18257279289924677
103441.0,103443.0,103442.0,0.25820061340495554
103442.0,103443.0,103442.15,0.35707216925660445
103442.0,103443.0,103442.5,0.5

103442.0,103447.0,103443.88333333333,1.4270214800644838
103443.0,103447.0,103445.2,1.2083050077779571
103444.0,103447.0,103446.16666666667,0.5527706066967831
103445.0,103447.0,103446.38333333333,0.6348662780775485

103446.0,103447.0,103446.91666666667,0.27638271544274945
103446.0,103447.0,103446.93333333333,0.249442432436042
103446.0,103447.0,103446.98333333334,0.1280153875638589
103447.0,103447.0,103447.0,0.0

103447.0,103448.0,103447.33333333333,0.47140564470565216
103447.0,103448.0,103447.68333333333,0.465175990774006
103447.0,103448.0,103447.95,0.2179463474150519
103448.0,103448.0,103448.0,0.0

103448.0,103449.0,103448.01666666666,0.12802283703213974
103448.0,103449.0,103448.01666666666,0.12802283703213974
103448.0,103449.0,103448.03333333334,0.17950164471141083
103448.0,103449.0,103448.1,0.3000002543130432

103448.0,103449.0,103448.55,0.49749318180491964
103448.0,103449.0,103448.9,0.3000002543130432
103449.0,103449.0,103449.0,0.0
103449.0,103449.0,103449.0,0.0

103449.0,103450.0,103449.3,0.4582586516600522
103447.0,103450.0,103449.65,0.5722772903034598
103449.0,103450.0,103449.93333333333,0.249442432436042
103450.0,103450.0,103450.0,0.0

103448.0,103450.0,103449.91666666667,0.3782260728165142
103449.0,103450.0,103449.95,0.2179463474150519
103450.0,103450.0,103450.0,0.0
103450.0,103450.0,103450.0,0.0

103450.0,103451.0,103450.31666666667,0.465175990774006
103449.0,103452.0,103450.85,0.4406407563118134
102448.0,103452.0,103400.91666666667,218.61444688805068
102452.0,103452.0,103418.05,179.3916037607318

103451.0,103452.0,103451.86666666667,0.3399335369896776
103450.0,103452.0,103451.93333333333,0.30912175458106056
103452.0,103452.0,103452.0,0.0
103452.0,103452.0,103452.0,0.0

103451.0,103454.0,103452.8,1.0295627547373607
103451.0,103454.0,103453.61666666667,0.7765655456114824
103452.0,103455.0,103453.95,0.3840585786325949
103454.0,103455.0,103454.03333333334,0.17950164471141083

103454.0,103456.0,103454.4,0.5830969558628508
103454.0,103456.0,103454.9,0.6757727826420399
103453.0,103456.0,103455.43333333333,0.6674988638764617
103455.0,103457.0,103455.95,0.2843122140510213

103454.0,103457.0,103456.0,0.40824751179130175
103455.0,103457.0,103456.25,0.4699285314885991
103456.0,103457.0,103456.61666666667,0.4861986838281753
103454.0,103457.0,103456.85,0.47696856099612156

103456.0,103457.0,103456.96666666666,0.1795069575329446
103457.0,103457.0,103457.0,0.0
103457.0,103457.0,103457.0,0.0
103457.0,103457.0,103457.0,0.0

103457.0,103457.0,103457.0,0.0
103456.0,103457.0,103456.96666666666,0.1795069575329446
103456.0,103457.0,103456.98333333334,0.1280153875638589
103456.0,103457.0,103456.98333333334,0.1280153875638589
