-1.0,55358.0,32903.566666666666,17357.728467329922
-1.0,64339.0,41626.166666666664,14989.156565293764
-1.0,66381.0,44412.25,19235.60027018046
-1.0,66381.0,51008.36666666667,19116.57646561108

-1.0,88405.0,60910.03333333333,28572.426554265377
-1.0,88405.0,72194.0,29794.374616695684
-1.0,88405.0,85458.13333333333,15869.362664651097
88403.0,88405.0,88404.96666666666,0.2560400870646666

88405.0,89405.0,88721.65,465.1517252483191
88405.0,89405.0,89071.63333333333,471.3809841548
88405.0,89406.0,89371.65,179.50253712500123
89405.0,89406.0,89405.05,0.21794415953919502

89405.0,89406.0,89405.18333333333,0.3869394000411424
89405.0,89406.0,89405.46666666666,0.498888688081523
89405.0,89406.0,89405.85,0.3570708338457522
89405.0,89407.0,89406.0,0.18257540464517025

89405.0,89407.0,89406.0,0.18257540464517025
89406.0,89407.0,89406.06666666667,0.2494443440407615
89405.0,89407.0,89406.25,0.46992954618894484
89406.0,89407.0,89406.56666666667,0.49553594994263217

-1.0,90409.0,86710.26666666666,16108.111163703312
-1.0,90409.0,85420.38333333333,19605.65343473805
-1.0,90409.0,87294.46666666666,16215.209577704802
90408.0,90409.0,90408.83333333333,0.3726785649110244

90408.0,91418.0,90761.8,480.8553420724955
90408.0,91418.0,91148.25,445.8225590597711
90409.0,91418.0,91400.6,129.09663047337983
-1.0,91419.0,89894.21666666666,11703.360367990732

91417.0,91419.0,91418.15,0.44064508487025306
91417.0,91419.0,91418.48333333334,0.5320294216309442
91418.0,91419.0,91418.88333333333,0.3210232919579079
91419.0,91419.0,91419.0,0.0

91419.0,91421.0,91419.03333333334,0.2560363623305276
91418.0,91421.0,91419.18333333333,0.6452817304540047
91419.0,91421.0,91419.68333333333,0.8849041221968383
91419.0,91421.0,91420.41666666667,0.8424491744742028

91419.0,91421.0,91420.91666666667,0.3782260728165142
91420.0,91421.0,91420.95,0.2179463474150519
91420.0,91421.0,91420.98333333334,0.1280153875638589
91421.0,91421.0,91421.0,0.0

91420.0,91422.0,91420.96666666666,0.36362498438977064
91420.0,91422.0,91421.15,0.40104153455591707
91421.0,91422.0,91421.45,0.49749509876079745
91421.0,91422.0,91421.8,0.3999986171698509

91421.0,91422.0,91421.98333333334,0.1280153875638589
91421.0,91422.0,91421.93333333333,0.249442432436042
91422.0,91422.0,91422.0,0.0
91422.0,91422.0,91422.0,0.0

91422.0,91423.0,91422.16666666667,0.3726772854224204
91422.0,91423.0,91422.43333333333,0.4955349876761786
91422.0,91423.0,91422.85,0.35706949842990565
91421.0,91423.0,91422.93333333333,0.3590099304865929

91423.0,91423.0,91423.0,0.0
91422.0,91423.0,91422.98333333334,0.1280153875638589
91422.0,91423.0,91422.96666666666,0.1795096138847465
-1.0,91423.0,89899.26666666666,11704.017814219007

91423.0,92424.0,91740.01666666666,465.61870995081284
91422.0,92424.0,92073.68333333333,477.40121113012657
91423.0,92424.0,92340.6,276.6065316169668
92422.0,92424.0,92423.96666666666,0.2560400870646666

92424.0,93425.0,92757.66666666667,471.8759253122718
92424.0,93425.0,93141.38333333333,451.0674780145054
93425.0,93425.0,93425.0,0.0
93425.0,93425.0,93425.0,0.0

93425.0,93425.0,93425.0,0.0
93424.0,93425.0,93424.96666666666,0.1795122701972408
93425.0,93425.0,93425.0,0.0
93425.0,93425.0,93425.0,0.0

93425.0,93425.0,93425.0,0.0
93425.0,93425.0,93425.0,0.0
93425.0,93425.0,93425.0,0.0
-1.0,93425.0,91834.53333333334,11957.317442284204

92423.0,93425.0,93391.6,179.864504552354
93425.0,93425.0,93425.0,0.0
-1.0,93425.0,90310.76666666666,16770.474053493224
93423.0,93425.0,93424.96666666666,0.2560419494114166

93425.0,93426.0,93425.31666666667,0.465175990774006
93425.0,93426.0,93425.73333333334,0.4422178655651533
93426.0,93427.0,93426.05,0.2179419716413745
93426.0,93427.0,93426.25,0.4330127018922193

93426.0,93427.0,93426.45,0.49749509876079745
93426.0,93427.0,93426.9,0.3000034332078942
93426.0,93427.0,93426.88333333333,0.3210232919579079
93427.0,93427.0,93427.0,0.0

93427.0,93427.0,93427.0,0.0
93427.0,93427.0,93427.0,0.0
93427.0,93427.0,93427.0,0.0
93427.0,93427.0,93427.0,0.0

93427.0,93427.0,93427.0,0.0
93426.0,93427.0,93426.98333333334,0.1280153875638589
93427.0,93427.0,93427.0,0.0
93427.0,93427.0,93427.0,0.0

93427.0,93427.0,93427.0,0.0
93427.0,93427.0,93427.0,0.0
93427.0,93427.0,93427.0,0.0
93427.0,93427.0,93427.0,0.0

93427.0,93427.0,93427.0,0.0
93427.0,93427.0,93427.0,0.0
93427.0,93427.0,93427.0,0.0
93427.0,93427.0,93427.0,0.0

93427.0,93427.0,93427.0,0.0
93427.0,93428.0,93427.03333333334,0.17950164471141083
93426.0,93429.0,93427.11666666667,0.57999098409025
93427.0,93429.0,93427.58333333333,0.5565292514677533

93427.0,93429.0,93428.0,0.48304615477869645
93428.0,93429.0,93428.38333333333,0.4861986838281753
93428.0,93429.0,93428.75,0.4330127018922193
93428.0,93429.0,93428.96666666666,0.1795069575329446

93428.0,93429.0,93428.93333333333,0.249442432436042
93429.0,93429.0,93429.0,0.0
93429.0,93429.0,93429.0,0.0
93429.0,93429.0,93429.0,0.0

93429.0,93429.0,93429.0,0.0
93429.0,93429.0,93429.0,0.0
93429.0,93429.0,93429.0,0.0
93429.0,93429.0,93429.0,0.0

93429.0,93429.0,93429.0,0.0
93429.0,93429.0,93429.0,0.0
93429.0,93429.0,93429.0,0.0
93429.0,93429.0,93429.0,0.0
