-1.0,57371.0,32189.233333333334,14743.625158427702
-1.0,57371.0,40759.98333333333,12317.319779469992
-1.0,59382.0,44829.38333333333,15999.919468642829
-1.0,61393.0,51155.6,14403.526593858885

-1.0,61393.0,55450.73333333333,10726.839117942553
-1.0,64367.0,55313.0,14855.361724531203
58394.0,64367.0,60872.26666666667,1463.3726668970987
-1.0,64369.0,61130.98333333333,8096.0591946363675

-1.0,73381.0,56735.48333333333,24176.04631275323
-1.0,87389.0,63335.13333333333,21579.774385186603
-1.0,87389.0,71515.13333333333,13856.94798824363
-1.0,87389.0,71727.1,17045.464103097893

-1.0,87389.0,76425.93333333333,18497.04238688506
-1.0,88380.0,83496.56666666667,11781.955439522315
79388.0,89395.0,87354.75,1109.8820001093782
86373.0,89396.0,87770.08333333333,733.4461873395351

-1.0,90370.0,87309.35,11467.509739585992
85361.0,91364.0,89759.96666666666,945.4380107779153
89395.0,91364.0,90371.01666666666,358.833967720501
90364.0,91370.0,90668.28333333334,455.85517040833895

90364.0,91370.0,91033.91666666667,468.8676889287366
90364.0,91374.0,91350.31666666667,128.4429174983822
91364.0,91374.0,91369.51666666666,2.327313787466579
91364.0,91380.0,91371.05,2.679707607716559

90370.0,96402.0,93216.66666666667,2380.7742274777206
91370.0,96405.0,95227.73333333334,2004.5766125432813
92373.0,96405.0,96334.66666666667,515.7659891417265
96401.0,96405.0,96402.28333333334,1.018030692006957

96402.0,99441.0,97211.46666666666,1340.4656338588904
96401.0,99444.0,98374.2,1445.5954805314846
96402.0,99444.0,99183.85,836.9066022163756
99433.0,99444.0,99439.75,3.364644588389204

99440.0,99446.0,99442.9,2.0631694285298803
99440.0,99448.0,99444.95,1.6474733832702684
99443.0,99449.0,99445.96666666666,0.8749607622340666
99445.0,99449.0,99446.68333333333,1.07225050507327

99445.0,99449.0,99447.58333333333,1.1149247736850063
98448.0,99449.0,99398.46666666666,218.05293445375187
99446.0,99449.0,99448.81666666667,0.4997214495092335
99449.0,99449.0,99449.0,0.0

99449.0,99449.0,99449.0,0.0
99449.0,99449.0,99449.0,0.0
99449.0,99449.0,99449.0,0.0
99449.0,99449.0,99449.0,0.0

99449.0,99468.0,99456.91666666667,9.281328297294424
99449.0,99468.0,99464.51666666666,7.130899229123769
99452.0,99468.0,99467.71666666666,2.0501361522586374
99467.0,99468.0,99467.98333333334,0.1280153875638589

99467.0,99470.0,99468.03333333334,0.40688333294798323
99468.0,99470.0,99468.4,0.77888803106827
99468.0,99470.0,99468.86666666667,0.8259675334618231
99468.0,99470.0,99469.55,0.6171164169904578

99468.0,100470.0,99503.23333333334,179.52440563996498
99470.0,100470.0,99553.33333333333,276.3853991970501
99470.0,100471.0,99653.38333333333,387.0451348227014
99469.0,100471.0,99836.78333333334,482.0824304212304

99469.0,100471.0,100237.0,423.17612566498207
99470.0,100471.0,100453.95,128.10027647829855
100470.0,100471.0,100470.88333333333,0.3210232919579079
99469.0,100471.0,100454.25,128.26880953982126

100470.0,100473.0,100471.5,0.7416193343357136
100471.0,100474.0,100472.23333333334,0.6674988638764617
100472.0,100474.0,100472.81666666667,0.5320303178910704
100472.0,100475.0,100473.25,0.5361906204604167

100472.0,100475.0,100473.85,0.5722756238460952
100474.0,100475.0,100474.36666666667,0.4818937677471609
100474.0,100475.0,100474.66666666667,0.47140362165740596
100474.0,100475.0,100474.98333333334,0.1280153875638589

100475.0,100475.0,100475.0,0.0
100475.0,100475.0,100475.0,0.0
100475.0,100475.0,100475.0,0.0
100475.0,100475.0,100475.0,0.0

100472.0,100475.0,100474.95,0.3840585786325949
100475.0,100475.0,100475.0,0.0
100475.0,100475.0,100475.0,0.0
100475.0,100475.0,100475.0,0.0

100475.0,102474.0,101207.96666666666,963.3069252442394
100475.0,102474.0,102040.88333333333,823.5351660515237
100475.0,102474.0,102424.0,284.25346670326593
102474.0,102474.0,102474.0,0.0

101474.0,102475.0,102441.0,179.56800011703334
102474.0,102475.0,102474.78333333334,0.41197281875574593
102474.0,102475.0,102474.98333333334,0.1280153875638589
101474.0,102475.0,102458.31666666667,128.1471148948648

102475.0,102476.0,102475.01666666666,0.12802283703213974
102473.0,102476.0,102475.08333333333,0.41998773102778514
102475.0,102476.0,102475.53333333334,0.49888677648046587
101475.0,102476.0,102275.71666666666,400.35842656595395

102475.0,102476.0,102475.98333333334,0.1280153875638589
102476.0,102478.0,102476.05,0.28430885971063397
102476.0,102478.0,102476.16666666667,0.5217494790806201
102476.0,102478.0,102476.5,0.8062255382523388

102476.0,102479.0,102476.98333333334,0.9035414636383169
102475.0,102479.0,102477.8,0.6271630051737695
102477.0,102479.0,102478.15,0.44064508487025306
102478.0,102479.0,102478.5,0.5

102478.0,102479.0,102478.9,0.3000002543130432
102479.0,102479.0,102479.0,0.0
102478.0,102479.0,102478.96666666666,0.1795122701972408
102479.0,102479.0,102479.0,0.0

102479.0,102479.0,102479.0,0.0
102476.0,102479.0,102478.86666666667,0.5617433333024662
102479.0,102479.0,102479.0,0.0
102478.0,102479.0,102478.98333333334,0.1280153875638589

102479.0,102479.0,102479.0,0.0
102478.0,102479.0,102478.98333333334,0.1280153875638589
100480.0,102479.0,102445.68333333333,255.91017249796744
102479.0,102479.0,102479.0,0.0

102477.0,102479.0,102478.96666666666,0.2560419494114166
102478.0,102479.0,102478.98333333334,0.1280153875638589
102476.0,102479.0,102478.88333333333,0.5505041412835261
102479.0,102479.0,102479.0,0.0

102479.0,102479.0,102479.0,0.0
102479.0,102479.0,102479.0,0.0
102478.0,102479.0,102478.98333333334,0.1280153875638589
102477.0,102479.0,102478.93333333333,0.3590112586846054

102479.0,102479.0,102479.0,0.0
102479.0,102479.0,102479.0,0.0
102479.0,102479.0,102479.0,0.0
102479.0,102479.0,102479.0,0.0
