-1.0,58466.0,26093.4,20513.14372396391
-1.0,58466.0,38256.933333333334,18025.285052638937
-1.0,64434.0,49017.36666666667,14112.093221733227
-1.0,64434.0,54142.3,13156.901022277236

-1.0,75360.0,51042.76666666667,24484.781422594362
-1.0,75360.0,52860.416666666664,25351.32331147737
-1.0,79362.0,60122.916666666664,24086.188725278276
-1.0,80352.0,69004.66666666667,18896.935740719666

-1.0,80445.0,71970.81666666667,19390.924655184834
-1.0,84403.0,74866.55,17260.787270018503
-1.0,84403.0,72240.71666666666,24131.694033015112
-1.0,84403.0,75034.21666666666,22721.33361262914

-1.0,84403.0,71212.91666666667,29945.372668294767
84392.0,84403.0,84402.45,2.397394506462526
84403.0,84404.0,84403.01666666666,0.12801911235218516
84403.0,84404.0,84403.08333333333,0.2763861659782208

84402.0,92382.0,86004.8,2793.4241162652156
-1.0,92382.0,75011.78333333334,33712.577684049225
-1.0,92382.0,88639.96666666666,16542.198879398027
92381.0,92382.0,92381.96666666666,0.1795096138847465

-1.0,103413.0,91040.83333333333,17304.60905478335
-1.0,103415.0,82016.16666666667,37003.686470479595
-1.0,104414.0,93458.8,28384.733527490906
94388.0,104414.0,103330.38333333333,1190.5826457622775

-1.0,105417.0,93426.53333333334,31147.585914195995
-1.0,105417.0,98950.38333333333,22705.86461033925
-1.0,105417.0,100977.65,18753.886899187095
-1.0,105420.0,94281.41666666667,31430.58742387296

-1.0,105421.0,87616.73333333334,39185.936177352654
104429.0,105421.0,105400.86666666667,126.53240252511878
-1.0,105421.0,103661.38333333333,13495.692911804252
105417.0,105421.0,105419.98333333334,1.5437145893190125

105420.0,105421.0,105420.96666666666,0.1795122701972408
-1.0,105421.0,103663.96666666666,13496.029117196817
105421.0,105421.0,105421.0,0.0
105421.0,105421.0,105421.0,0.0

104416.0,109430.0,106122.18333333333,1175.4070144945763
103414.0,109432.0,107257.5,1521.4320282766598
104416.0,109432.0,108610.63333333333,1027.3376427558417
107426.0,109432.0,109263.3,416.8721346709508

109430.0,109432.0,109431.41666666667,0.7139466707204485
109430.0,109433.0,109431.9,0.43589050695973774
-1.0,109433.0,107608.23333333334,14009.528904007471
109432.0,109433.0,109432.41666666667,0.49300643365774616

109432.0,109433.0,109432.7,0.4582586516600522
109432.0,109433.0,109432.98333333334,0.1280153875638589
109433.0,109433.0,109433.0,0.0
109433.0,109433.0,109433.0,0.0

109433.0,109434.0,109433.03333333334,0.17950164471141083
109433.0,109434.0,109433.13333333333,0.3399335369896776
109431.0,109434.0,109433.35,0.5722739573838781
109433.0,109434.0,109433.76666666666,0.42295191325120113

109433.0,109446.0,109437.11666666667,5.003637516569
109433.0,109446.0,109441.43333333333,5.3052384956961
109445.0,109446.0,109445.28333333334,0.4506156101386035
109443.0,109446.0,109445.58333333333,0.5857095910924255

109445.0,109446.0,109445.98333333334,0.12802283703213974
109446.0,109447.0,109446.01666666666,0.12802283703213974
109446.0,109447.0,109446.05,0.2179419716413745
109445.0,109447.0,109446.11666666667,0.41197281875574593

109446.0,109448.0,109446.5,0.5627322247416575
109446.0,109448.0,109446.9,0.5972172739380862
109446.0,109448.0,109447.46666666666,0.531246409684559
109447.0,109450.0,109448.05,0.6435583922029179

109447.0,109450.0,109448.45,0.8450838072258583
109447.0,109450.0,109448.96666666666,0.7063214021220815
109448.0,109451.0,109449.56666666667,0.6420450985478636
109449.0,109451.0,109450.06666666667,0.47842393892031704

109450.0,109452.0,109450.46666666666,0.6699930492439129
109450.0,109452.0,109451.0,0.7745969154790939
109450.0,109452.0,109451.6,0.5830936847876659
109451.0,109452.0,109451.98333333334,0.1280153875638589

109451.0,109452.0,109451.95,0.2179463474150519
109451.0,109452.0,109451.98333333334,0.1280153875638589
109451.0,109452.0,109451.93333333333,0.24944625563083161
109452.0,109452.0,109452.0,0.0

109451.0,109453.0,109452.0,0.18257279289924677
-1.0,109453.0,105803.6,19647.420978506736
-1.0,109453.0,103979.48333333334,23854.75889523351
109452.0,109453.0,109452.43333333333,0.49553594994263217

-1.0,109454.0,107629.05,14012.239010266469
109453.0,109454.0,109453.66666666667,0.47140362165740596
109454.0,109454.0,109454.0,0.0
109453.0,109454.0,109453.9,0.3000002543130432

109454.0,109456.0,109454.46666666666,0.8459060813049354
-1.0,109456.0,105806.8,19648.015224444433
109454.0,109456.0,109455.96666666666,0.2560419494114166
109456.0,109456.0,109456.0,0.0

109456.0,109456.0,109456.0,0.0
109456.0,109456.0,109456.0,0.0
109455.0,109456.0,109455.98333333334,0.1280153875638589
109455.0,109456.0,109455.98333333334,0.1280153875638589

109456.0,109456.0,109456.0,0.0
109455.0,109456.0,109455.98333333334,0.1280153875638589
109453.0,109456.0,109455.95,0.3840560954765023
109456.0,109456.0,109456.0,0.0

109454.0,109456.0,109455.96666666666,0.2560419494114166
109456.0,109456.0,109456.0,0.0
109456.0,109456.0,109456.0,0.0
109456.0,109456.0,109456.0,0.0

109455.0,109456.0,109455.98333333334,0.1280153875638589
109456.0,109456.0,109456.0,0.0
109456.0,109456.0,109456.0,0.0
109456.0,109456.0,109456.0,0.0

109455.0,109457.0,109456.28333333334,0.5193458168837489
109456.0,109457.0,109456.6,0.4898957682706917
109456.0,109457.0,109456.93333333333,0.249442432436042
109457.0,109457.0,109457.0,0.0

109456.0,109458.0,109457.05,0.33788498008290485
109456.0,109458.0,109457.25,0.4699285314885991
109457.0,109458.0,109457.63333333333,0.4818937677471609
109457.0,109458.0,109457.86666666667,0.3399363424509732

109458.0,109458.0,109458.0,0.0
109457.0,109458.0,109457.98333333334,0.1280153875638589
109458.0,109458.0,109458.0,0.0
109456.0,109458.0,109457.93333333333,0.3590112586846054

109458.0,109458.0,109458.0,0.0
109457.0,109458.0,109457.95,0.2179463474150519
109457.0,109458.0,109457.96666666666,0.1795122701972408
109458.0,109458.0,109458.0,0.0
