-1.0,50505.0,29697.65,19462.16973928738
-1.0,64335.0,38572.51666666667,18681.81234828111
-1.0,64335.0,46730.416666666664,14814.943578800961
-1.0,64335.0,48028.15,19703.404522928686

-1.0,79445.0,54578.28333333333,22538.31642787579
-1.0,79445.0,62034.066666666666,19672.314013071493
-1.0,80439.0,67976.21666666666,18967.150799115556
-1.0,80439.0,72104.7,19511.021379637397

-1.0,85436.0,74534.56666666667,20038.636111577605
-1.0,85436.0,78943.95,14829.63932964993
-1.0,85456.0,82705.95,10860.02282137721
84406.0,85456.0,85134.05,464.91090275453655

-1.0,86446.0,83967.9,10937.101708862403
85436.0,86446.0,85465.16666666667,128.05326582465233
85436.0,86446.0,85538.16666666667,273.7340051115132
-1.0,86446.0,84344.8,10992.000991326924

-1.0,89396.0,76718.83333333333,27914.94493168292
-1.0,89396.0,73332.28333333334,32825.15708014796
-1.0,89396.0,87296.23333333334,11462.410360778738
-1.0,89396.0,86366.78333333334,16042.53747290999

89394.0,101398.0,92699.21666666666,4804.221324667537
88396.0,101399.0,96719.13333333333,4744.113828267228
99397.0,101399.0,100503.61666666667,988.9543988753018
99404.0,101409.0,101166.73333333334,637.503669705768

101398.0,101409.0,101400.76666666666,3.2371115786578417
101398.0,101409.0,101403.51666666666,3.09026255705058
101400.0,101410.0,101405.8,1.5470396012093424
101405.0,101410.0,101407.43333333333,1.7162624043615824

101405.0,101410.0,101408.63333333333,1.25122163204996
101409.0,101410.0,101409.41666666667,0.4930044992485331
101409.0,101410.0,101409.86666666667,0.3399335369896776
-1.0,101410.0,98029.63333333333,18203.83160854394

-1.0,101412.0,99719.9,12982.555377248922
101410.0,101412.0,101410.16666666667,0.4533816958790938
101410.0,101412.0,101410.53333333334,0.6446348164898165
101410.0,101412.0,101411.0,0.6055301758155759

101411.0,103465.0,102059.65,952.302837425202
101411.0,103465.0,102880.43333333333,923.5577470964707
103431.0,103465.0,103463.41666666667,5.209899707495165
103464.0,103466.0,103464.9,0.3511906670792302

103464.0,103467.0,103465.31666666667,0.5913729014499531
103464.0,103467.0,103465.66666666667,0.6749481181233141
-1.0,103467.0,101741.91666666667,13245.799535817221
103466.0,103467.0,103466.91666666667,0.2763861659782208

103467.0,103467.0,103467.0,0.0
103466.0,103467.0,103466.95,0.2179463474150519
103467.0,103467.0,103467.0,0.0
103466.0,103468.0,103466.98333333334,0.3411573257645973

103466.0,103468.0,103467.2,0.43969611337734227
103467.0,103468.0,103467.5,0.5
103467.0,103469.0,103467.91666666667,0.49300643365774616
103468.0,103469.0,103468.25,0.4330127018922193

103468.0,103469.0,103468.56666666667,0.49553594994263217
103468.0,103469.0,103468.86666666667,0.3399335369896776
103469.0,103469.0,103469.0,0.0
103469.0,103469.0,103469.0,0.0

103469.0,103470.0,103469.31666666667,0.465175990774006
103469.0,103470.0,103469.7,0.4582565705722682
103469.0,103470.0,103469.98333333334,0.1280153875638589
103470.0,103470.0,103470.0,0.0

103469.0,103472.0,103470.11666666667,0.6080479967346392
103470.0,103472.0,103470.63333333333,0.930351981548012
103470.0,103472.0,103471.26666666666,0.9637885250006101
103470.0,103472.0,103471.86666666667,0.49888677648046587

103472.0,103474.0,103472.4,0.5537772433293844
103472.0,103475.0,103472.9,0.6506427814498017
103472.0,103476.0,103473.61666666667,0.9502921608852927
103473.0,103476.0,103474.65,0.7708227483349113

103474.0,103476.0,103475.35,0.6278256438395138
-1.0,103476.0,98302.0,22552.254889478354
103475.0,103476.0,103475.98333333334,0.12802283703213974
103475.0,103476.0,103475.98333333334,0.12802283703213974

103476.0,103476.0,103476.0,0.0
103476.0,103476.0,103476.0,0.0
103476.0,103476.0,103476.0,0.0
103476.0,103476.0,103476.0,0.0

103475.0,103476.0,103475.98333333334,0.12802283703213974
103475.0,103476.0,103475.98333333334,0.12802283703213974
-1.0,103476.0,100026.76666666666,18574.68995826194
-1.0,103476.0,101751.38333333333,13247.031975869975

103476.0,103477.0,103476.25,0.4330127018922193
103476.0,103477.0,103476.56666666667,0.49553594994263217
103476.0,103477.0,103476.91666666667,0.27638271544274945
-1.0,103477.0,91404.56666666667,33218.78399157454

103476.0,103478.0,103477.2,0.4760960031073614
-1.0,103478.0,101752.91666666667,13247.231611789184
103477.0,103478.0,103477.95,0.2179463474150519
103477.0,103478.0,103477.98333333334,0.1280153875638589

103478.0,103478.0,103478.0,0.0
103476.0,103478.0,103477.93333333333,0.3590112586846054
103478.0,103478.0,103478.0,0.0
103476.0,103478.0,103477.93333333333,0.3590112586846054

103476.0,103479.0,103477.95,0.33788780255324075
103477.0,103479.0,103478.06666666667,0.3091186694566354
103478.0,103479.0,103478.31666666667,0.465175990774006
-1.0,103479.0,100029.31666666667,18575.163489178853

103478.0,103479.0,103478.88333333333,0.3210232919579079
103479.0,103479.0,103479.0,0.0
103479.0,103479.0,103479.0,0.0
103478.0,103480.0,103479.0,0.18257279289924677

103479.0,103480.0,103479.1,0.2999970753845074
-1.0,103480.0,101754.55,13247.444247130521
103478.0,103480.0,103479.46666666666,0.531246409684559
103479.0,103480.0,103479.88333333333,0.3210232919579079

103480.0,103480.0,103480.0,0.0
-1.0,103480.0,101755.31666666667,13247.544052253212
103480.0,103480.0,103480.0,0.0
103480.0,103480.0,103480.0,0.0

-1.0,103481.0,100030.95,18575.466791285915
103480.0,103481.0,103480.75,0.4330127018922193
103480.0,103481.0,103480.91666666667,0.27638271544274945
103481.0,103481.0,103481.0,0.0

103478.0,103481.0,103480.95,0.3840560954765023
103481.0,103481.0,103481.0,0.0
103481.0,103481.0,103481.0,0.0
-1.0,103481.0,101756.3,13247.672071348969

103480.0,103482.0,103481.03333333334,0.25603449994313815
-1.0,103482.0,100031.75,18575.61534344154
103480.0,103482.0,103481.4,0.5228140235053266
-1.0,103482.0,82785.2,41393.10000422776
