-1.0,58525.0,33441.416666666664,16542.101416579128
-1.0,73526.0,39683.1,21801.05340092538
-1.0,73527.0,45703.183333333334,22937.396494583296
-1.0,73527.0,58977.38333333333,13651.054484412143

-1.0,73527.0,63731.51666666667,17872.375344360953
-1.0,78432.0,64105.96666666667,23468.640811351266
72464.0,78432.0,73672.66666666667,894.1933174026723
-1.0,78514.0,70342.55,16204.846159328377

-1.0,88489.0,69100.75,23328.871255467264
-1.0,88489.0,70402.61666666667,25761.42552415119
-1.0,88489.0,72390.18333333333,24261.076765395
-1.0,88489.0,79420.51666666666,15056.104225520068

-1.0,88489.0,73193.65,28915.539464576847
-1.0,88489.0,73047.05,32735.41327900871
88487.0,88491.0,88488.43333333333,0.9723968772834904
87488.0,88491.0,88355.58333333333,340.2946905094631

87488.0,88491.0,88472.6,128.18699881736057
88487.0,88491.0,88490.18333333333,1.0406995225404019
88489.0,88491.0,88490.9,0.4358916008962935
88491.0,88492.0,88491.01666666666,0.12801911235218516

88491.0,105482.0,92793.16666666667,7065.926823299333
-1.0,108449.0,96854.66666666667,19308.8097489778
88494.0,108449.0,104566.91666666667,3011.5442179034007
102461.0,108449.0,105680.95,1357.6669255870725

104436.0,108478.0,106800.85,1302.9644383088444
105482.0,108478.0,107908.71666666666,876.7516389444792
106467.0,109455.0,108358.68333333333,433.5412126374086
106457.0,109455.0,108465.4,364.87496488753305

107461.0,109460.0,108654.86666666667,420.77624563137385
106457.0,109473.0,108916.55,581.7183288900576
106467.0,109473.0,109195.91666666667,567.7915782997916
108456.0,109477.0,109446.4,129.12064126737056

109460.0,109477.0,109470.31666666667,5.142929349119922
109466.0,109477.0,109473.83333333333,1.8089290827087532
109473.0,109478.0,109475.1,1.8321202628628868
109473.0,109478.0,109476.78333333334,1.1845055017564952

109473.0,109480.0,109477.36666666667,0.8749596722710058
108478.0,109480.0,109461.31666666667,128.01933339261706
109478.0,109480.0,109478.76666666666,0.9374908446818586
109478.0,109480.0,109479.5,0.8062255382523388

109479.0,109481.0,109479.98333333334,0.2229858101063587
109476.0,109484.0,109480.05,0.7621242910828875
-1.0,109484.0,107655.68333333333,14015.706415175408
109480.0,109485.0,109481.3,1.4525834581885233

109480.0,109491.0,109485.31666666667,3.985355271569274
109482.0,109492.0,109488.8,3.20832246720757
109485.0,109492.0,109490.9,0.8888199567557784
109491.0,109492.0,109491.15,0.35707484006332624

109491.0,109492.0,109491.38333333333,0.4861986838281753
109491.0,109492.0,109491.78333333334,0.411970503853033
109491.0,109492.0,109491.98333333334,0.1280153875638589
109492.0,109492.0,109492.0,0.0

109490.0,109492.0,109491.96666666666,0.2560419494114166
109491.0,109492.0,109491.96666666666,0.1795122701972408
109492.0,109492.0,109492.0,0.0
109490.0,109492.0,109491.96666666666,0.2560419494114166

109492.0,109495.0,109492.93333333333,1.167142135371762
109492.0,109495.0,109493.98333333334,0.9572813369033152
-1.0,109495.0,105844.76666666666,19655.065446653265
109494.0,109495.0,109494.98333333334,0.1280153875638589

109495.0,109496.0,109495.31666666667,0.465175990774006
-1.0,109496.0,105845.81666666667,19655.26042097608
109495.0,109496.0,109495.93333333333,0.249442432436042
-1.0,109496.0,107671.03333333334,14017.704763341968

109496.0,109499.0,109496.36666666667,0.6574362070444614
109495.0,109499.0,109497.13333333333,0.9910718998852643
109497.0,109499.0,109497.98333333334,0.9572813369033152
109496.0,109500.0,109498.65,0.8331675046593647

109497.0,109500.0,109498.96666666666,0.3636276070667541
109499.0,109500.0,109499.11666666667,0.3210232919579079
109499.0,109500.0,109499.41666666667,0.49300643365774616
109499.0,109500.0,109499.73333333334,0.44221570898868706

108498.0,109500.0,109483.16666666667,128.258354717976
109499.0,109500.0,109499.98333333334,0.1280153875638589
109499.0,109500.0,109499.98333333334,0.1280153875638589
109500.0,109500.0,109500.0,0.0

109500.0,109500.0,109500.0,0.0
109495.0,109500.0,109499.78333333334,0.9502921608852927
109500.0,109500.0,109500.0,0.0
109500.0,109500.0,109500.0,0.0

109499.0,109501.0,109500.2,0.4396982823116022
109500.0,109501.0,109500.48333333334,0.4997214495092335
109500.0,109501.0,109500.88333333333,0.3210232919579079
109501.0,109501.0,109501.0,0.0

109501.0,109502.0,109501.03333333334,0.17950164471141083
109501.0,109502.0,109501.06666666667,0.24944625563083161
109499.0,109502.0,109501.21666666666,0.6080495651520857
109501.0,109502.0,109501.56666666667,0.49553594994263217

109501.0,109502.0,109501.96666666666,0.1795069575329446
109502.0,109502.0,109502.0,0.0
-1.0,109502.0,107676.95,14018.475047147638
109501.0,109502.0,109501.95,0.2179463474150519

109501.0,109502.0,109501.96666666666,0.1795069575329446
109502.0,109502.0,109502.0,0.0
109501.0,109502.0,109501.95,0.2179463474150519
109502.0,109502.0,109502.0,0.0

109502.0,109502.0,109502.0,0.0
109502.0,109502.0,109502.0,0.0
109502.0,109502.0,109502.0,0.0
109502.0,109502.0,109502.0,0.0

-1.0,109502.0,105851.86666666667,19656.38387434363
109502.0,109502.0,109502.0,0.0
-1.0,109502.0,105851.9,19656.390062521677
-1.0,109502.0,102201.75,27314.833892731247

109501.0,109502.0,109501.96666666666,0.1795069575329446
109501.0,109503.0,109501.98333333334,0.22298153322675904
109502.0,109503.0,109502.03333333334,0.17950164471141083
109502.0,109503.0,109502.16666666667,0.3726785649110244

109499.0,109503.0,109502.36666666667,0.657434756446885
109501.0,109503.0,109502.71666666666,0.5193494894691956
109502.0,109503.0,109502.91666666667,0.2763861659782208
109503.0,109503.0,109503.0,0.0

109503.0,109503.0,109503.0,0.0
109501.0,109503.0,109502.96666666666,0.2560419494114166
109503.0,109503.0,109503.0,0.0
109502.0,109503.0,109502.98333333334,0.1280153875638589

109503.0,109503.0,109503.0,0.0
109503.0,109503.0,109503.0,0.0
108501.0,109503.0,109486.3,128.27513399029792
109503.0,109503.0,109503.0,0.0
