-1.0,65373.0,36523.333333333336,18973.96305789126
-1.0,79427.0,35990.38333333333,25354.91236959265
-1.0,79427.0,51688.63333333333,18621.547435669505
-1.0,79427.0,58212.76666666667,18925.98269079368

-1.0,79427.0,63907.63333333333,20464.15042455683
-1.0,81409.0,71594.36666666667,17562.49163887501
65373.0,81409.0,78923.2,3011.5430308509976
79427.0,81411.0,79988.7,893.3347506211791

79427.0,81411.0,80831.41666666667,891.9237690081793
79427.0,81411.0,81310.78333333334,432.17057171241703
81409.0,81413.0,81410.66666666667,0.7888104631128499
81410.0,81413.0,81411.43333333333,0.7386170284701631

-1.0,87431.0,77822.53333333334,20969.16737853192
-1.0,87448.0,81517.25,18866.19581475908
81414.0,87448.0,87275.58333333333,793.0554476555259
87423.0,87448.0,87428.63333333333,5.243938398102681

87423.0,89466.0,87791.13333333333,555.3829749721983
-1.0,89466.0,85271.13333333333,15851.237514745937
-1.0,89466.0,87270.38333333333,11373.673065595633
-1.0,89468.0,86198.0,16013.045755466597

88461.0,90477.0,89435.55,258.1738706752989
89466.0,90477.0,89523.06666666667,218.92242664629495
89464.0,90479.0,89627.51666666666,356.9592643278296
89476.0,90482.0,89911.58333333333,495.0496032955598

89478.0,90482.0,90228.53333333334,432.59197352079804
90477.0,90482.0,90479.25,1.5451536523158909
90476.0,90482.0,90480.56666666667,1.4302293761562899
90479.0,90483.0,90481.56666666667,0.8634557763345769

90480.0,90484.0,90481.96666666666,0.6574369323420493
90481.0,90484.0,90482.36666666667,0.7520342894507973
90482.0,90484.0,90483.16666666667,0.7781738756142335
90482.0,90484.0,90483.81666666667,0.4278502982183685

89492.0,90501.0,90472.51666666666,127.83733044649732
89478.0,90504.0,90445.06666666667,221.18309660336382
90495.0,90504.0,90499.85,1.5687041135361364
90499.0,90504.0,90501.31666666667,1.4432797545486935

90500.0,90504.0,90502.73333333334,1.5040682618700343
90501.0,90504.0,90503.76666666666,0.6920183995617684
90503.0,90504.0,90503.98333333334,0.1280153875638589
90504.0,90504.0,90504.0,0.0

90504.0,90504.0,90504.0,0.0
90504.0,90504.0,90504.0,0.0
90504.0,90504.0,90504.0,0.0
90504.0,90504.0,90504.0,0.0

90503.0,90504.0,90503.95,0.2179463474150519
90503.0,90504.0,90503.98333333334,0.1280153875638589
90504.0,90504.0,90504.0,0.0
90504.0,90504.0,90504.0,0.0

90504.0,90507.0,90504.93333333333,1.3021350494287003
90504.0,90507.0,90505.91666666667,1.1444308396387737
90506.0,90507.0,90506.85,0.3570708338457522
90507.0,90507.0,90507.0,0.0

90507.0,90507.0,90507.0,0.0
90506.0,90507.0,90506.96666666666,0.1795096138847465
90506.0,90507.0,90506.96666666666,0.1795096138847465
90507.0,90507.0,90507.0,0.0

90507.0,90508.0,90507.28333333334,0.4506156101386035
90507.0,90508.0,90507.58333333333,0.49300740085950645
90507.0,90508.0,90507.96666666666,0.1795096138847465
90508.0,90508.0,90508.0,0.0

90507.0,90508.0,90507.96666666666,0.1795096138847465
90508.0,90508.0,90508.0,0.0
90508.0,90508.0,90508.0,0.0
90504.0,90508.0,90507.86666666667,0.718021853271126

90508.0,90508.0,90508.0,0.0
90506.0,90508.0,90507.95,0.2843138912063745
90508.0,90508.0,90508.0,0.0
90505.0,90508.0,90507.95,0.3840585786325949

90508.0,90509.0,90508.26666666666,0.4422167872782348
90508.0,90509.0,90508.61666666667,0.48619770308171306
90508.0,90509.0,90508.91666666667,0.27638444071586993
90509.0,90509.0,90509.0,0.0

90509.0,90510.0,90509.01666666666,0.12802283703213974
90509.0,90510.0,90509.05,0.21794415953919502
90509.0,90510.0,90509.15,0.35707350466246246
90509.0,90510.0,90509.45,0.49749414028378186

90509.0,90510.0,90509.85,0.35706949842990565
90510.0,90510.0,90510.0,0.0
90508.0,90510.0,90509.9,0.3958127200464709
90507.0,90510.0,90509.95,0.3840573370565555

90510.0,90512.0,90510.06666666667,0.30912175458106056
90510.0,90512.0,90510.21666666666,0.4861996645726593
90510.0,90512.0,90510.43333333333,0.5878403347468371
90510.0,90513.0,90511.03333333334,0.7738788000822848

90510.0,90513.0,90511.65,0.7029703605991219
90510.0,90513.0,90512.26666666666,0.6548963846267346
90510.0,90513.0,90512.71666666666,0.5505058736461813
90513.0,90513.0,90513.0,0.0

90513.0,90513.0,90513.0,0.0
90511.0,90513.0,90512.93333333333,0.3590112586846054
90512.0,90513.0,90512.98333333334,0.12801911235218516
90512.0,90513.0,90512.98333333334,0.12801911235218516

90512.0,90514.0,90513.0,0.25819876662830693
90513.0,90514.0,90513.11666666667,0.32102180658823753
90512.0,90515.0,90513.26666666666,0.5120773805914287
90512.0,90515.0,90513.68333333333,0.6452817304540047

90513.0,90515.0,90514.3,0.6137312677636375
90514.0,90516.0,90514.78333333334,0.4506156101386035
90513.0,90516.0,90515.0,0.4472133822518471
90513.0,90516.0,90515.23333333334,0.5280991406853245

90515.0,90516.0,90515.66666666667,0.47140362165740596
90515.0,90516.0,90515.96666666666,0.1795096138847465
90516.0,90516.0,90516.0,0.0
90516.0,90516.0,90516.0,0.0

90516.0,90516.0,90516.0,0.0
90514.0,90516.0,90515.93333333333,0.3091202120226968
90513.0,90516.0,90515.9,0.5385182162208259
90516.0,90516.0,90516.0,0.0

90514.0,90516.0,90515.91666666667,0.37822481209445624
90515.0,90516.0,90515.96666666666,0.1795096138847465
90516.0,90516.0,90516.0,0.0
90516.0,90516.0,90516.0,0.0

90514.0,90516.0,90515.96666666666,0.2560419494114166
90516.0,90516.0,90516.0,0.0
90516.0,90516.0,90516.0,0.0
90516.0,90516.0,90516.0,0.0

90513.0,90517.0,90515.96666666666,0.4068868487108039
90516.0,90517.0,90516.1,0.299998664852986
90516.0,90517.0,90516.35,0.47696856099612156
90516.0,90517.0,90516.7,0.4582586516600522
