-1.0,58432.0,36139.61666666667,17154.913623693614
-1.0,66351.0,35940.63333333333,22222.7021211543
-1.0,66351.0,35153.0,25398.315465794185
-1.0,72424.0,42439.51666666667,25209.903275955967

-1.0,72424.0,49257.9,24066.8586516119
-1.0,72426.0,53874.75,24479.730662751033
-1.0,72426.0,64709.0,15282.972701670325
-1.0,72426.0,64372.76666666667,21555.352392825516

-1.0,73422.0,58123.166666666664,29064.495423779324
-1.0,74381.0,71683.1,9347.166022740037
-1.0,74381.0,70906.46666666666,13173.137176930326
-1.0,79409.0,72555.21666666666,9485.58212076215

-1.0,79409.0,71500.28333333334,16533.279610220157
-1.0,79430.0,70792.45,21420.176135616482
-1.0,80426.0,66805.56666666667,28076.756009415018
-1.0,80426.0,77848.96666666666,10150.953162087308

-1.0,82378.0,69323.21666666666,27208.498015688478
-1.0,82378.0,63157.86666666667,33228.264258743475
79430.0,82378.0,81212.43333333333,780.4433006669208
81366.0,82378.0,81804.58333333333,501.4384073741111

81366.0,82379.0,82175.65,404.74172114457804
81377.0,82379.0,82344.7,179.69755146075815
82378.0,82379.0,82378.25,0.4330127018922193
82378.0,82379.0,82378.56666666667,0.49553594994263217

82378.0,82379.0,82378.91666666667,0.27638444071586993
82379.0,82379.0,82379.0,0.0
82379.0,82379.0,82379.0,0.0
82379.0,82379.0,82379.0,0.0

81377.0,82379.0,82362.3,128.2751339865806
-1.0,82379.0,81005.93333333333,10546.20443866994
82379.0,82379.0,82379.0,0.0
82379.0,82379.0,82379.0,0.0

82379.0,82382.0,82380.15,1.3883445987190934
82379.0,82382.0,82381.28333333334,1.1845059043186414
-1.0,82382.0,79635.81666666667,14788.185608216294
-1.0,82382.0,81008.95,10546.597169110984

82382.0,83383.0,82732.16666666667,477.1968205629032
82382.0,83383.0,83165.81666666667,412.2279907884293
83382.0,83383.0,83382.83333333333,0.3726785649110244
83382.0,83384.0,83383.0,0.18257540464517025

83383.0,83384.0,83383.35,0.47696856099612156
83383.0,83384.0,83383.66666666667,0.47140362165740596
83383.0,83384.0,83383.98333333334,0.12801911235218516
-1.0,83384.0,80604.5,14968.065581430354

83384.0,83385.0,83384.35,0.47696856099612156
83384.0,84386.0,83484.93333333333,300.3557816245685
83385.0,84386.0,83685.3,458.7158270651212
82384.0,84386.0,84035.66666666667,542.8937485567012

-1.0,84386.0,82979.55,10803.147437089789
84386.0,84386.0,84386.0,0.0
84386.0,84386.0,84386.0,0.0
83385.0,84386.0,84369.31666666667,128.1471148948648

84386.0,84386.0,84386.0,0.0
84385.0,84387.0,84386.01666666666,0.28819515938012685
84386.0,84387.0,84386.21666666666,0.41197513364545135
84386.0,84387.0,84386.55,0.49749318180491964

84386.0,84388.0,84386.93333333333,0.3590112586846054
84387.0,84388.0,84387.1,0.299998664852986
84387.0,84388.0,84387.36666666667,0.4818947572529412
84387.0,84388.0,84387.85,0.35706949842990565

84387.0,84390.0,84388.35,0.5423703635589705
84387.0,84390.0,84388.83333333333,0.7110246877341059
-1.0,84390.0,80169.88333333333,18392.462043902346
84388.0,84390.0,84389.7,0.5567768131097947

84389.0,84390.0,84389.95,0.2179463474150519
84390.0,84390.0,84390.0,0.0
84390.0,84390.0,84390.0,0.0
84388.0,84390.0,84389.96666666666,0.2560400870646666

84390.0,84390.0,84390.0,0.0
84390.0,84390.0,84390.0,0.0
84390.0,84390.0,84390.0,0.0
83389.0,84390.0,84356.63333333333,179.68499906706836

84390.0,84390.0,84390.0,0.0
84390.0,84390.0,84390.0,0.0
84390.0,84390.0,84390.0,0.0
84390.0,84390.0,84390.0,0.0

84390.0,84390.0,84390.0,0.0
84390.0,84390.0,84390.0,0.0
84389.0,84390.0,84389.96666666666,0.1795096138847465
84390.0,84390.0,84390.0,0.0

84390.0,84390.0,84390.0,0.0
84390.0,84390.0,84390.0,0.0
-1.0,84390.0,82983.46666666666,10803.657344416162
-1.0,84390.0,80170.45,18392.59203721707

84389.0,84391.0,84390.31666666667,0.4997224037142279
84389.0,84392.0,84390.76666666666,0.49553594994263217
84389.0,84392.0,84390.91666666667,0.45795367150682614
84391.0,84392.0,84391.06666666667,0.2494443440407615

84391.0,84392.0,84391.4,0.48989868829430483
83390.0,84392.0,84375.08333333333,128.2475849913228
84391.0,84392.0,84391.98333333334,0.1280153875638589
84392.0,84392.0,84392.0,0.0

84392.0,84392.0,84392.0,0.0
84392.0,84392.0,84392.0,0.0
84392.0,84392.0,84392.0,0.0
-1.0,84393.0,82985.48333333334,10803.91989278529

84391.0,84394.0,84392.31666666667,0.5320294216309442
84392.0,84394.0,84392.76666666666,0.6675002926029321
84392.0,84394.0,84393.3,0.5567759566848974
84392.0,84394.0,84393.65,0.5722764570753841

84393.0,84394.0,84393.93333333333,0.2494443440407615
84394.0,84394.0,84394.0,0.0
84393.0,84394.0,84393.96666666666,0.1795069575329446
84394.0,84394.0,84394.0,0.0

-1.0,84394.0,81580.83333333333,15149.366129937229
84394.0,84394.0,84394.0,0.0
-1.0,84394.0,81580.83333333333,15149.366129937229
84394.0,84394.0,84394.0,0.0

84394.0,84394.0,84394.0,0.0
84393.0,84394.0,84393.95,0.21794415953919502
84394.0,84394.0,84394.0,0.0
-1.0,84394.0,81580.83333333333,15149.366129937229

84393.0,84394.0,84393.96666666666,0.1795069575329446
84394.0,84394.0,84394.0,0.0
84394.0,84395.0,84394.01666666666,0.12801911235218516
84393.0,84395.0,84394.0,0.18257540464517025

84393.0,84394.0,84393.98333333334,0.1280153875638589
84394.0,84394.0,84394.0,0.0
84394.0,84395.0,84394.01666666666,0.12801911235218516
84394.0,84395.0,84394.1,0.2999970753845074
