-1.0,25672.0,18695.25,9427.74165362522
-1.0,25672.0,22598.75,7602.086085685075
-1.0,25672.0,18743.833333333332,11305.951309180295
-1.0,25677.0,23080.8,7694.1285813707755

-1.0,26055.0,24900.65,4627.0053520068495
-1.0,26055.0,25433.3,3315.682053012123
25924.0,26055.0,25997.433333333334,24.18426945031509
25632.0,26055.0,26000.433333333334,79.75010275161486

25635.0,26154.0,26030.016666666666,120.00381822670683
26053.0,26154.0,26096.683333333334,47.258682328737564
26055.0,26154.0,26134.2,37.13390185176617
26154.0,26155.0,26154.016666666666,0.12801957794310587

-1.0,29352.0,25935.583333333332,6127.8335168085605
-1.0,29352.0,27296.85,6373.839289954431
26154.0,29361.0,29281.816666666666,407.5355809279018
28339.0,29365.0,29330.483333333334,129.7261849264355

29352.0,29384.0,29361.083333333332,11.063892724036
29352.0,29384.0,29371.616666666665,10.350670945262683
29365.0,29384.0,29380.083333333332,4.677220211560768
29377.0,29384.0,29383.316666666666,1.217807747878351

29384.0,29397.0,29388.45,5.766064510806269
29384.0,29397.0,29393.583333333332,5.113028034092316
29393.0,29397.0,29396.783333333333,0.8773381464873509
29396.0,29397.0,29396.983333333334,0.12801911235218516

29397.0,29397.0,29397.0,0.0
29397.0,29397.0,29397.0,0.0
29396.0,29397.0,29396.95,0.21794497999521517
29397.0,29397.0,29397.0,0.0

29397.0,29398.0,29397.016666666666,0.12801911235218516
29397.0,29398.0,29397.083333333332,0.27638551900610125
29397.0,29398.0,29397.2,0.3999999582767465
29396.0,29398.0,29397.4,0.6377040985109712

29397.0,29398.0,29397.866666666665,0.33993476438184334
29398.0,29398.0,29398.0,0.0
29398.0,29398.0,29398.0,0.0
29397.0,29398.0,29397.966666666667,0.1795052972931067

29396.0,29408.0,29400.633333333335,4.449594228975085
29398.0,29409.0,29404.7,4.740956305316372
29398.0,29409.0,29407.616666666665,2.2367511465782366
29408.0,29409.0,29408.383333333335,0.4861983160484838

29408.0,29409.0,29408.7,0.4582574810493366
29408.0,29409.0,29408.983333333334,0.12801911235218516
29408.0,29409.0,29408.983333333334,0.12801911235218516
29408.0,29409.0,29408.983333333334,0.12801911235218516

29409.0,29409.0,29409.0,0.0
29408.0,29410.0,29409.0,0.1825740987768787
29409.0,29410.0,29409.033333333333,0.1795056293423027
29409.0,29410.0,29409.116666666665,0.32102292061613463

29409.0,29411.0,29409.516666666666,0.5320296456961173
29409.0,29411.0,29409.916666666668,0.37822686076566653
29409.0,29411.0,29410.116666666665,0.36930883702546646
29410.0,29411.0,29410.333333333332,0.47140463318261433

29409.0,29412.0,29410.95,0.7170541078270424
29410.0,29413.0,29411.5,0.6191391809488779
29411.0,29413.0,29412.0,0.3651483607878411
29411.0,29413.0,29412.25,0.5041495039149284

29412.0,29413.0,29412.616666666665,0.4861984386417452
29412.0,29414.0,29412.95,0.2843120044059065
29412.0,29415.0,29413.1,0.39581151534066
29413.0,29415.0,29413.466666666667,0.6699916258331319

29412.0,29415.0,29414.033333333333,0.7951240751023918
29413.0,29417.0,29414.616666666665,0.6080478987084145
29414.0,29417.0,29415.2,0.6782329385525914
29415.0,29417.0,29415.633333333335,0.9303523018817981

29415.0,29417.0,29416.5,0.8660254037844386
29415.0,29417.0,29416.933333333334,0.359010926635563
29416.0,29417.0,29416.966666666667,0.1795052972931067
29417.0,29417.0,29417.0,0.0

29417.0,29417.0,29417.0,0.0
29417.0,29417.0,29417.0,0.0
29417.0,29417.0,29417.0,0.0
29416.0,29417.0,29416.983333333334,0.12801911235218516

29416.0,29417.0,29416.966666666667,0.1795052972931067
29417.0,29417.0,29417.0,0.0
29416.0,29418.0,29417.0,0.1825740987768787
29416.0,29418.0,29417.116666666665,0.36930883702546646

29417.0,29418.0,29417.383333333335,0.4861983160484838
29417.0,29418.0,29417.866666666665,0.33993476438184334
29418.0,29418.0,29418.0,0.0
29418.0,29418.0,29418.0,0.0

29418.0,29418.0,29418.0,0.0
29418.0,29418.0,29418.0,0.0
29418.0,29418.0,29418.0,0.0
29418.0,29418.0,29418.0,0.0

29418.0,29418.0,29418.0,0.0
29418.0,29419.0,29418.05,0.21794497999521517
29418.0,29419.0,29418.2,0.3999999582767465
29418.0,29419.0,29418.466666666667,0.49888761280682964

29415.0,29419.0,29418.7,0.6403123976789759
29418.0,29419.0,29418.983333333334,0.12801911235218516
29419.0,29419.0,29419.0,0.0
29417.0,29419.0,29418.9,0.4358898232479963

29419.0,29419.0,29419.0,0.0
29419.0,29419.0,29419.0,0.0
29419.0,29419.0,29419.0,0.0
29419.0,29419.0,29419.0,0.0

29418.0,29419.0,29418.983333333334,0.12801911235218516
29417.0,29419.0,29418.966666666667,0.2560379919083808
29417.0,29419.0,29418.866666666665,0.49888785175696176
29419.0,29419.0,29419.0,0.0

29419.0,29419.0,29419.0,0.0
29418.0,29419.0,29418.966666666667,0.1795052972931067
29419.0,29419.0,29419.0,0.0
29419.0,29419.0,29419.0,0.0

29417.0,29419.0,29418.966666666667,0.2560379919083808
29418.0,29419.0,29418.983333333334,0.12801911235218516
29419.0,29419.0,29419.0,0.0
29419.0,29419.0,29419.0,0.0

29419.0,29419.0,29419.0,0.0
29419.0,29419.0,29419.0,0.0
29419.0,29419.0,29419.0,0.0
29418.0,29419.0,29418.966666666667,0.1795052972931067

29419.0,29419.0,29419.0,0.0
29419.0,29419.0,29419.0,0.0
29419.0,29419.0,29419.0,0.0
29419.0,29419.0,29419.0,0.0

29418.0,29419.0,29418.966666666667,0.1795052972931067
29419.0,29419.0,29419.0,0.0
29418.0,29419.0,29418.983333333334,0.12801911235218516
29415.0,29419.0,29418.8,0.8717798516096518
