-1.0,25751.0,18718.666666666668,8842.866429438409
-1.0,27335.0,21336.483333333334,8027.391285450224
-1.0,27335.0,22094.666666666668,8702.097411288587
-1.0,27446.0,25230.983333333334,4739.197852280019

-1.0,46362.0,23058.783333333333,10030.322937791627
25737.0,46362.0,27751.533333333333,3502.332572570586
-1.0,50389.0,28183.283333333333,10042.333118838578
-1.0,50389.0,32674.2,14249.486365947832

-1.0,50420.0,40034.683333333334,14421.706860945951
-1.0,50420.0,45583.8,12279.782911761913
-1.0,50420.0,48205.35,9010.74455085889
-1.0,50420.0,48721.083333333336,9047.475775580851

50389.0,50420.0,50412.35,11.86426707653689
50398.0,50420.0,50419.63333333333,2.8164201331358587
50418.0,50420.0,50419.96666666667,0.2560372935191423
50420.0,50420.0,50420.0,0.0

50420.0,50420.0,50420.0,0.0
50419.0,50421.0,50420.01666666667,0.28819267752436406
50420.0,50421.0,50420.183333333334,0.38694001620581636
50420.0,50422.0,50420.51666666667,0.5320294216309442

47406.0,50447.0,50361.63333333333,404.3133671907969
-1.0,50451.0,48723.26666666667,9049.61355872291
-1.0,50451.0,49605.11666666667,6458.167944785532
49462.0,50451.0,50397.566666666666,214.65090780681558

50440.0,50461.0,50451.11666666667,5.994696697297056
49462.0,50461.0,50440.38333333333,127.50190739420394
49462.0,50461.0,50443.26666666667,127.7926532399234
50461.0,50461.0,50461.0,0.0

50461.0,50462.0,50461.066666666666,0.24944338824023293
50461.0,50462.0,50461.28333333333,0.45061666832786196
50461.0,50462.0,50461.71666666667,0.45061666832786196
50461.0,50462.0,50461.96666666667,0.1795056293423027

50461.0,50464.0,50462.433333333334,0.6420454698901739
50461.0,50464.0,50462.916666666664,0.713948674384764
50463.0,50464.0,50463.5,0.5
50463.0,50464.0,50463.85,0.3570715015518026

50463.0,50465.0,50464.0,0.1825740987768787
50464.0,50465.0,50464.1,0.3000002543130432
50463.0,50465.0,50464.433333333334,0.5280991406853245
50464.0,50465.0,50464.88333333333,0.3210225492739318

50461.0,50466.0,50464.5,1.310216279266828
50465.0,50466.0,50465.15,0.3570715015518026
50464.0,50466.0,50465.35,0.5107183797331136
50465.0,50466.0,50465.683333333334,0.4651765033078695

50465.0,50466.0,50465.916666666664,0.2763861659782208
50465.0,50466.0,50465.96666666667,0.1795056293423027
50466.0,50466.0,50466.0,0.0
50466.0,50466.0,50466.0,0.0

-1.0,50466.0,48783.76666666667,9059.10374405523
50461.0,50466.0,50465.916666666664,0.6400955617609257
50466.0,50466.0,50466.0,0.0
50466.0,50467.0,50466.03333333333,0.1795056293423027

-1.0,50469.0,49625.86666666667,6460.867860864776
-1.0,50470.0,48785.88333333333,9059.496892012792
50467.0,50470.0,50469.03333333333,0.36362367304418525
50467.0,50470.0,50469.2,0.5099021757963345

50469.0,50470.0,50469.666666666664,0.47140463318261433
50469.0,50470.0,50469.933333333334,0.24944338824023293
50469.0,50471.0,50470.0,0.3162276152276527
50470.0,50471.0,50470.183333333334,0.3869394000411424

50465.0,50471.0,50470.55,0.8645807901980826
50470.0,50472.0,50470.98333333333,0.2881943320972474
-1.0,50472.0,48788.63333333333,9060.007468662621
50469.0,50472.0,50471.26666666667,0.6548960205712123

50471.0,50472.0,50471.833333333336,0.3726772854224204
-1.0,50473.0,49630.76666666667,6461.5056588142525
50472.0,50473.0,50472.066666666666,0.24944338824023293
50470.0,50473.0,50472.21666666667,0.5505050074655351

50472.0,50474.0,50473.03333333333,0.7738791081648058
50472.0,50475.0,50473.8,0.5416023020527767
50470.0,50475.0,50474.01666666667,0.670613012997738
50474.0,50475.0,50474.38333333333,0.4861986838281753

50473.0,50475.0,50474.73333333333,0.6018493760973663
50473.0,50476.0,50474.9,0.4725810850293209
-1.0,50476.0,49633.8,6461.900566138938
50474.0,50476.0,50475.166666666664,0.48876294599397463

50475.0,50476.0,50475.416666666664,0.49300691725886353
50471.0,50476.0,50475.75,0.7216879466078485
-1.0,50476.0,47110.78333333333,12591.153729360512
50476.0,50476.0,50476.0,0.0

-1.0,50476.0,49634.71666666667,6462.019898586052
50476.0,50476.0,50476.0,0.0
50476.0,50477.0,50476.03333333333,0.1795056293423027
50476.0,50477.0,50476.083333333336,0.27638530334839156

-1.0,50477.0,48793.9,9060.985470135136
50476.0,50477.0,50476.86666666667,0.3399342383571721
50477.0,50477.0,50477.0,0.0
50477.0,50477.0,50477.0,0.0

50477.0,50478.0,50477.3,0.45825709084510025
50477.0,50478.0,50477.75,0.4330127018922193
-1.0,50478.0,47954.05,11001.642988549473
50478.0,50478.0,50478.0,0.0

-1.0,50478.0,48795.36666666667,9061.25780997806
50477.0,50478.0,50477.96666666667,0.1795056293423027
50478.0,50478.0,50478.0,0.0
50478.0,50478.0,50478.0,0.0

50478.0,50478.0,50478.0,0.0
50478.0,50478.0,50478.0,0.0
50478.0,50478.0,50478.0,0.0
50478.0,50478.0,50478.0,0.0

-1.0,50478.0,49636.683333333334,6462.275936777675
50478.0,50478.0,50478.0,0.0
50477.0,50478.0,50477.98333333333,0.12801911235218516
50477.0,50478.0,50477.98333333333,0.12801911235218516

50478.0,50478.0,50478.0,0.0
50478.0,50478.0,50478.0,0.0
50476.0,50478.0,50477.96666666667,0.2560382247043703
-1.0,50478.0,49636.683333333334,6462.275936777675

50477.0,50478.0,50477.98333333333,0.12801911235218516
50478.0,50478.0,50478.0,0.0
50476.0,50479.0,50477.95,0.3840573370565555
50477.0,50479.0,50478.05,0.2843113754696346

50478.0,50479.0,50478.2,0.40000040531137915
50478.0,50479.0,50478.433333333334,0.49553546880963895
50478.0,50479.0,50478.8,0.39999980926509127
50479.0,50479.0,50479.0,0.0

-1.0,50479.0,49637.666666666664,6462.4039558734885
50478.0,50479.0,50478.96666666667,0.1795056293423027
50479.0,50479.0,50479.0,0.0
50479.0,50479.0,50479.0,0.0
