-1.0,28217.0,18722.25,10017.19871458583
-1.0,28217.0,22311.266666666666,8925.234594240215
-1.0,36431.0,22726.3,10308.055408756787
-1.0,44426.0,25901.566666666666,10073.206780641185

-1.0,44426.0,30135.033333333333,8415.35494590428
-1.0,44426.0,29473.3,13194.986732720374
-1.0,44426.0,35372.6,10184.292158679134
-1.0,44426.0,40199.916666666664,6461.755167371766

-1.0,44427.0,40471.066666666666,12260.125682970069
44390.0,44427.0,44423.316666666666,7.794210831172963
44426.0,44427.0,44426.48333333333,0.4997224037142279
44426.0,44427.0,44426.78333333333,0.4119736868409098

44426.0,44428.0,44426.98333333333,0.2881943320972474
43426.0,44428.0,44410.46666666667,128.1671391400077
44427.0,44428.0,44427.566666666666,0.49553570937619396
44427.0,44428.0,44427.86666666667,0.3399345890403767

44416.0,46419.0,45054.71666666667,921.1367812232182
44426.0,46419.0,45649.2,962.9710760629152
44428.0,46419.0,46310.4,431.86866059018666
46407.0,46419.0,46413.333333333336,4.958718447862524

-1.0,46419.0,41742.316666666666,13915.591462446799
46419.0,46419.0,46419.0,0.0
46419.0,46419.0,46419.0,0.0
46419.0,46419.0,46419.0,0.0

46419.0,46419.0,46419.0,0.0
-1.0,46419.0,45645.333333333336,5942.646426934329
46419.0,46419.0,46419.0,0.0
46419.0,46420.0,46419.05,0.21794415953919502

46418.0,46420.0,46419.13333333333,0.38586145802453287
45419.0,46420.0,46386.11666666667,179.5897261031213
46419.0,46420.0,46419.86666666667,0.3399342383571721
46419.0,46421.0,46420.0,0.1825740987768787

46419.0,46421.0,46420.166666666664,0.48876294599397463
46420.0,46421.0,46420.583333333336,0.49300643365774616
46420.0,46422.0,46420.9,0.35118863041402704
46420.0,46422.0,46421.01666666667,0.22298367167681282

46420.0,46422.0,46421.2,0.43969719784580963
46421.0,46422.0,46421.583333333336,0.49300643365774616
46421.0,46422.0,46421.88333333333,0.3210225492739318
46421.0,46423.0,46422.0,0.25819876662830693

46420.0,46425.0,46422.4,0.7118052123360983
46422.0,46425.0,46422.916666666664,0.6902093387331224
46423.0,46425.0,46423.566666666666,0.7156970658309719
-1.0,46425.0,44876.566666666666,8333.55494645326

46423.0,46426.0,46424.53333333333,0.6699916258331319
45424.0,46427.0,46408.36666666667,128.15524006212846
46424.0,46427.0,46425.416666666664,0.6902096841624089
46425.0,46427.0,46425.98333333333,0.6950220079848205

46425.0,46427.0,46426.53333333333,0.5906681589978887
46426.0,46428.0,46426.95,0.33788568570269917
46426.0,46428.0,46427.166666666664,0.5217494790806201
46427.0,46428.0,46427.46666666667,0.49888773228191

46427.0,46429.0,46427.916666666664,0.41998716334753494
46428.0,46429.0,46428.2,0.40000040531137915
-1.0,46429.0,38690.26666666667,17303.260486458097
46428.0,46429.0,46428.833333333336,0.3726779251672715

46428.0,46429.0,46428.95,0.21794525347986887
46429.0,46429.0,46429.0,0.0
-1.0,46429.0,44881.333333333336,8334.440066508492
46429.0,46429.0,46429.0,0.0

46429.0,46430.0,46429.03333333333,0.1795056293423027
46429.0,46430.0,46429.166666666664,0.3726785649110244
46427.0,46430.0,46429.416666666664,0.6656242406419891
46429.0,46430.0,46429.9,0.29999945958406726

46429.0,46430.0,46429.96666666667,0.17950430114183327
46429.0,46430.0,46429.96666666667,0.17950430114183327
45429.0,46430.0,46396.65,179.5952695175256
46430.0,46430.0,46430.0,0.0

46429.0,46431.0,46430.0,0.1825740987768787
45428.0,46431.0,46413.28333333333,128.27380762291352
46429.0,46431.0,46430.23333333333,0.4606762161663628
46428.0,46432.0,46430.46666666667,0.6944221196294894

46430.0,46432.0,46431.0,0.3162276152276527
46428.0,46432.0,46431.1,0.6244996929427553
46431.0,46432.0,46431.46666666667,0.49888773228191
46431.0,46432.0,46431.933333333334,0.24944338824023293

46432.0,46432.0,46432.0,0.0
46432.0,46432.0,46432.0,0.0
46432.0,46432.0,46432.0,0.0
46432.0,46432.0,46432.0,0.0

46429.0,46434.0,46432.26666666667,0.6798691780807534
46432.0,46434.0,46432.76666666667,0.5280991406853245
46432.0,46434.0,46433.15,0.4010403455572125
46432.0,46434.0,46433.53333333333,0.5617433333024662

46433.0,46434.0,46433.95,0.21794525347986887
46431.0,46434.0,46433.85,0.6538350311472476
46433.0,46434.0,46433.98333333333,0.1280209747057083
46434.0,46434.0,46434.0,0.0

45432.0,46435.0,46417.566666666666,128.3106083793211
46434.0,46435.0,46434.6,0.4898982016249113
46433.0,46435.0,46434.833333333336,0.4533822217460245
46434.0,46435.0,46434.96666666667,0.1795056293423027

46435.0,46436.0,46435.3,0.4582576111173416
46433.0,46436.0,46435.7,0.5567768131097947
46435.0,46436.0,46435.98333333333,0.1280209747057083
46436.0,46436.0,46436.0,0.0

46436.0,46436.0,46436.0,0.0
46436.0,46436.0,46436.0,0.0
46432.0,46437.0,46435.95,0.5605060416312014
46433.0,46437.0,46436.03333333333,0.48189426250030504

46435.0,46437.0,46436.166666666664,0.4533827476123452
46436.0,46437.0,46436.566666666666,0.49553546880963895
46437.0,46437.0,46437.0,0.0
46437.0,46437.0,46437.0,0.0

46436.0,46437.0,46436.98333333333,0.1280209747057083
46437.0,46437.0,46437.0,0.0
46437.0,46437.0,46437.0,0.0
46435.0,46437.0,46436.96666666667,0.2560382247043703

46436.0,46437.0,46436.96666666667,0.17950430114183327
46437.0,46437.0,46437.0,0.0
46437.0,46437.0,46437.0,0.0
46436.0,46437.0,46436.96666666667,0.17950430114183327

46436.0,46437.0,46436.95,0.21794525347986887
46437.0,46437.0,46437.0,0.0
46436.0,46437.0,46436.98333333333,0.1280209747057083
46436.0,46437.0,46436.96666666667,0.17950430114183327

46436.0,46437.0,46436.96666666667,0.17950430114183327
46437.0,46437.0,46437.0,0.0
46435.0,46437.0,46436.933333333334,0.3590105945862134
-1.0,46437.0,45663.03333333333,5944.9507706587
