-1.0,25958.0,16276.75,10718.454745010278
-1.0,25958.0,21224.233333333334,9031.095858876828
-1.0,25960.0,21407.933333333334,9576.584653669013
-1.0,25960.0,23263.516666666666,7756.355597168184

-1.0,25960.0,25062.2,4655.075444429802
25958.0,25960.0,25958.066666666666,0.3590110926601226
25958.0,25960.0,25958.266666666666,0.6548961115851119
25958.0,25960.0,25958.916666666668,0.9711104522766373

25958.0,25961.0,25959.683333333334,0.7851043228514347
25960.0,25961.0,25960.066666666666,0.249443866140955
25959.0,25962.0,25960.233333333334,0.5280992535517047
25959.0,25962.0,25960.65,0.6788469576212617

25949.0,26056.0,25994.266666666666,41.07508030748324
25960.0,26056.0,26031.016666666666,31.409389077068525
26044.0,26056.0,26047.516666666666,5.343194006834454
26044.0,26056.0,26051.933333333334,5.516238656636359

26045.0,26059.0,26055.15,3.2188248301575957
26056.0,26059.0,26056.783333333333,1.2259916690213541
26056.0,26059.0,26057.983333333334,1.310110278110647
26056.0,26060.0,26058.966666666667,0.5467072365794889

26059.0,26060.0,26059.233333333334,0.4229526178773449
26059.0,26060.0,26059.65,0.47696956071957813
26059.0,26060.0,26059.916666666668,0.27638530334839156
26060.0,26060.0,26060.0,0.0

26060.0,26060.0,26060.0,0.0
26060.0,26060.0,26060.0,0.0
26060.0,26060.0,26060.0,0.0
26060.0,26060.0,26060.0,0.0

25959.0,26062.0,26058.583333333332,12.975992795414223
26060.0,26062.0,26060.683333333334,0.5913731030304938
26060.0,26062.0,26061.15,0.4010401969321266
25961.0,26062.0,26056.516666666666,21.918402975319502

26061.0,26063.0,26062.283333333333,0.5505048991928585
26062.0,26063.0,26062.783333333333,0.4119735421601762
26062.0,26064.0,26063.0,0.1825740987768787
26063.0,26064.0,26063.05,0.21794497999521517

26062.0,26064.0,26063.166666666668,0.41499655113165923
26063.0,26065.0,26063.5,0.5322906175616751
26063.0,26065.0,26063.933333333334,0.35901076061092657
26063.0,26066.0,26064.15,0.4406433263985151

25963.0,26066.0,26062.7,12.992690250397704
26064.0,26066.0,26064.866666666665,0.6944222912963638
26065.0,26066.0,26065.533333333333,0.49888773228191
26065.0,26067.0,26066.05,0.42524503488125776

26065.0,26067.0,26066.25,0.5041495039149284
26065.0,26067.0,26066.533333333333,0.5312458486955796
26066.0,26067.0,26066.966666666667,0.1795056293423027
26066.0,26067.0,26066.983333333334,0.12801911235218516

26067.0,26067.0,26067.0,0.0
26067.0,26067.0,26067.0,0.0
26066.0,26067.0,26066.983333333334,0.12801911235218516
26067.0,26067.0,26067.0,0.0

26066.0,26067.0,26066.983333333334,0.12801911235218516
26065.0,26067.0,26066.933333333334,0.359010926635563
26066.0,26067.0,26066.983333333334,0.12801911235218516
26067.0,26067.0,26067.0,0.0

26066.0,26067.0,26066.983333333334,0.12801911235218516
26067.0,26067.0,26067.0,0.0
26065.0,26067.0,26066.966666666667,0.2560382247043703
26066.0,26067.0,26066.933333333334,0.249443866140955

26067.0,26067.0,26067.0,0.0
26067.0,26067.0,26067.0,0.0
26067.0,26067.0,26067.0,0.0
26067.0,26067.0,26067.0,0.0

26067.0,26067.0,26067.0,0.0
26067.0,26067.0,26067.0,0.0
26067.0,26067.0,26067.0,0.0
26067.0,26067.0,26067.0,0.0

26067.0,26068.0,26067.016666666666,0.12801911235218516
26065.0,26068.0,26067.066666666666,0.5120764494087406
25967.0,26068.0,26064.0,18.019433954696904
26067.0,26068.0,26067.683333333334,0.4651761189075248

26066.0,26069.0,26067.966666666667,0.44596961544012503
26068.0,26069.0,26068.25,0.4330127018922193
26068.0,26069.0,26068.65,0.47696943575426065
26068.0,26069.0,26068.983333333334,0.12801864675957114

26069.0,26070.0,26069.016666666666,0.12801911235218516
26069.0,26070.0,26069.05,0.21794525347986887
26066.0,26070.0,26069.066666666666,0.7039571288558472
25970.0,26070.0,26067.8,12.742056354196304

26069.0,26071.0,26069.883333333335,0.5505047909201607
26069.0,26071.0,26070.066666666666,0.4784234405783992
26070.0,26071.0,26070.416666666668,0.49300655455806996
25969.0,26071.0,26065.683333333334,22.186701470095684

26071.0,26071.0,26071.0,0.0
25971.0,26071.0,26069.183333333334,12.79907765604396
26071.0,26071.0,26071.0,0.0
26071.0,26071.0,26071.0,0.0

26071.0,26071.0,26071.0,0.0
25972.0,26071.0,26069.35,12.673890486240618
26071.0,26071.0,26071.0,0.0
26071.0,26071.0,26071.0,0.0

26070.0,26072.0,26071.0,0.1825740987768787
26070.0,26072.0,26070.983333333334,0.2229847408941492
26071.0,26072.0,26071.05,0.21794497999521517
26069.0,26072.0,26071.083333333332,0.4199868795071221

26070.0,26072.0,26071.4,0.5830951158853173
26070.0,26072.0,26071.733333333334,0.4784233159928386
26070.0,26072.0,26071.95,0.2843120044059065
26072.0,26072.0,26072.0,0.0

26072.0,26072.0,26072.0,0.0
26071.0,26072.0,26071.966666666667,0.1795052972931067
26069.0,26072.0,26071.9,0.5385163346118089
26071.0,26072.0,26071.983333333334,0.12801911235218516

26068.0,26072.0,26071.866666666665,0.7180220192957047
26070.0,26072.0,26071.966666666667,0.2560379919083808
26072.0,26072.0,26072.0,0.0
26072.0,26072.0,26072.0,0.0

26072.0,26072.0,26072.0,0.0
26072.0,26072.0,26072.0,0.0
26072.0,26072.0,26072.0,0.0
26071.0,26072.0,26071.983333333334,0.12801911235218516

26071.0,26072.0,26071.95,0.21794497999521517
26072.0,26072.0,26072.0,0.0
26070.0,26072.0,26071.866666666665,0.4642797302028135
26072.0,26072.0,26072.0,0.0

25972.0,26072.0,26065.333333333332,24.944382580616946
26070.0,26072.0,26071.966666666667,0.2560379919083808
26072.0,26072.0,26072.0,0.0
26072.0,26072.0,26072.0,0.0
