-1.0,25769.0,19761.2,8606.965911012618
-1.0,25774.0,21754.583333333332,8635.591433695912
-1.0,25775.0,20506.666666666668,10254.753167298673
24790.0,25775.0,25696.116666666665,154.02057131781064

-1.0,42353.0,21211.2,11499.481309751902
-1.0,42353.0,22292.033333333333,12161.617752813792
-1.0,42353.0,24550.516666666666,12171.573225473177
25774.0,42353.0,32662.316666666666,4396.6673647649295

-1.0,46338.0,29789.25,17294.73942140114
-1.0,46338.0,38729.71666666667,13847.350621558937
42353.0,46338.0,46162.88333333333,663.8930408750125
46324.0,46338.0,46335.75,4.573929749048175

46334.0,46339.0,46338.25,0.7216877814266178
46338.0,46339.0,46338.6,0.4898982016249113
46338.0,46339.0,46338.916666666664,0.27638573466364275
46338.0,46339.0,46338.98333333333,0.1280209747057083

46339.0,46339.0,46339.0,0.0
46339.0,46340.0,46339.066666666666,0.249443866140955
46339.0,46340.0,46339.1,0.3000002543130432
46339.0,46340.0,46339.4,0.4898977149550343

46338.0,46341.0,46339.75,0.5361901758075844
46339.0,46341.0,46340.03333333333,0.3636240008810249
46340.0,46341.0,46340.21666666667,0.4119736868409098
46340.0,46341.0,46340.583333333336,0.49300643365774616

46340.0,46350.0,46343.8,3.833188379007259
46339.0,46351.0,46346.85,3.9235401038362197
46342.0,46351.0,46349.566666666666,1.243203761087961
46345.0,46352.0,46350.28333333333,0.984744774530729

46349.0,46352.0,46350.8,0.5999997138976368
46349.0,46352.0,46351.21666666667,0.5799901619438559
46351.0,46353.0,46351.73333333333,0.4784234405783992
46351.0,46353.0,46352.05,0.46278090323412585

46351.0,46353.0,46352.333333333336,0.6236095219822918
46352.0,46353.0,46352.78333333333,0.4119733974793917
46353.0,46353.0,46353.0,0.0
46353.0,46353.0,46353.0,0.0

46353.0,46354.0,46353.3,0.45825709084510025
46353.0,46354.0,46353.666666666664,0.47140463318261433
46353.0,46354.0,46353.96666666667,0.1795056293423027
46353.0,46355.0,46354.0,0.1825740987768787

46354.0,46355.0,46354.316666666666,0.465175990774006
46354.0,46355.0,46354.65,0.47696956071957813
46354.0,46355.0,46354.916666666664,0.2763861659782208
46355.0,46355.0,46355.0,0.0

46355.0,46355.0,46355.0,0.0
46354.0,46355.0,46354.96666666667,0.17950430114183327
46354.0,46355.0,46354.98333333333,0.12801911235218516
46354.0,46355.0,46354.98333333333,0.12801911235218516

46355.0,46356.0,46355.01666666667,0.12801724997156907
46354.0,46356.0,46355.066666666666,0.3091209833028409
46355.0,46356.0,46355.2,0.39999980926509127
46355.0,46356.0,46355.48333333333,0.4997224037142279

46355.0,46356.0,46355.95,0.21794525347986887
46356.0,46356.0,46356.0,0.0
46356.0,46357.0,46356.01666666667,0.12801724997156907
46356.0,46357.0,46356.03333333333,0.1795056293423027

46356.0,46357.0,46356.15,0.3570708338457522
46356.0,46357.0,46356.5,0.5
46356.0,46358.0,46357.0,0.3162276152276527
46356.0,46358.0,46357.13333333333,0.49888773228191

46357.0,46358.0,46357.51666666667,0.49972192661195847
46357.0,46358.0,46357.96666666667,0.1795056293423027
46358.0,46358.0,46358.0,0.0
46356.0,46358.0,46357.96666666667,0.2560382247043703

46358.0,46358.0,46358.0,0.0
46358.0,46358.0,46358.0,0.0
46358.0,46358.0,46358.0,0.0
46358.0,46358.0,46358.0,0.0

46358.0,46358.0,46358.0,0.0
46358.0,46358.0,46358.0,0.0
46357.0,46358.0,46357.933333333334,0.24944338824023293
46357.0,47358.0,46374.65,128.02132960389648

46358.0,47358.0,46408.0,217.94494717703367
-1.0,47358.0,45818.683333333334,5980.113060502176
46354.0,47358.0,46824.6,498.95027140332746
46358.0,47358.0,47158.0,400.0

46357.0,47359.0,47341.316666666666,128.1472449516664
47358.0,47359.0,47358.11666666667,0.3210225492739318
47358.0,47359.0,47358.45,0.49749414028378186
47358.0,47360.0,47358.85,0.4406440027346294

47359.0,47360.0,47359.1,0.3000002543130432
47359.0,47360.0,47359.4,0.4898977149550343
47359.0,47361.0,47359.9,0.5066227988443057
47359.0,47362.0,47360.28333333333,0.5505050074655351

47359.0,47362.0,47360.76666666667,0.667499221058366
47361.0,47362.0,47361.26666666667,0.4422162481337896
47361.0,47362.0,47361.583333333336,0.49300643365774616
47361.0,47362.0,47361.88333333333,0.3210225492739318

47362.0,47362.0,47362.0,0.0
47362.0,47362.0,47362.0,0.0
47361.0,47362.0,47361.96666666667,0.1795056293423027
47362.0,47362.0,47362.0,0.0

47362.0,47362.0,47362.0,0.0
47361.0,47362.0,47361.98333333333,0.1280209747057083
47361.0,47362.0,47361.95,0.21794525347986887
47361.0,47363.0,47362.0,0.1825740987768787

47362.0,47365.0,47362.833333333336,0.9516069173233538
47362.0,47365.0,47363.78333333333,0.660597433707842
46363.0,47365.0,47347.53333333333,128.17611148635788
47364.0,47365.0,47364.7,0.45825813138899224

47364.0,47365.0,47364.933333333334,0.24944338824023293
47365.0,47365.0,47365.0,0.0
47364.0,47365.0,47364.98333333333,0.1280209747057083
47365.0,47365.0,47365.0,0.0

47365.0,47365.0,47365.0,0.0
47365.0,47365.0,47365.0,0.0
47365.0,47365.0,47365.0,0.0
47365.0,47365.0,47365.0,0.0

47364.0,47365.0,47364.98333333333,0.1280209747057083
47365.0,47365.0,47365.0,0.0
46362.0,47365.0,47331.55,180.04096061714063
47365.0,47365.0,47365.0,0.0

47365.0,47365.0,47365.0,0.0
47364.0,47365.0,47364.98333333333,0.1280209747057083
47365.0,47365.0,47365.0,0.0
47365.0,47365.0,47365.0,0.0

47365.0,47366.0,47365.316666666666,0.4651765033078695
47365.0,47366.0,47365.71666666667,0.4506171974215593
47365.0,47366.0,47365.96666666667,0.1795056293423027
47366.0,47366.0,47366.0,0.0
