-1.0,25836.0,17688.1,10036.517757170564
-1.0,25835.0,16866.566666666666,11544.342487941396
-1.0,25835.0,19993.616666666665,10532.79214025048
-1.0,25835.0,21932.716666666667,9214.429022085718

-1.0,25905.0,24546.65,5631.6377837623695
-1.0,25905.0,23256.05,7752.369520400413
-1.0,25905.0,23267.733333333334,7756.299039848545
-1.0,25905.0,19839.216666666667,10945.437928031424

-1.0,25919.0,24608.833333333332,5645.89847932895
25905.0,25919.0,25909.533333333333,4.440220213983526
25905.0,25923.0,25914.066666666666,4.725345372893651
25911.0,25923.0,25917.533333333333,3.7923900504572883

-1.0,29487.0,26491.566666666666,3805.2280193030406
-1.0,29488.0,26258.083333333332,7216.873758287283
25923.0,29489.0,29246.233333333334,888.3225459007374
29485.0,29489.0,29487.716666666667,0.9502923490525995

29396.0,29506.0,29491.95,14.659951114820236
29376.0,29506.0,29481.916666666668,41.27682629374006
29489.0,29506.0,29504.816666666666,2.9804455317521565
29505.0,29506.0,29505.7,0.4582576111173416

29505.0,29513.0,29508.2,3.166491219194418
29506.0,29514.0,29510.933333333334,3.0760725120361188
29513.0,29514.0,29513.016666666666,0.12801911235218516
29512.0,29514.0,29513.05,0.33788550929788874

29513.0,29515.0,29513.733333333334,0.8339997408521145
29513.0,29515.0,29514.566666666666,0.6674995782400792
29415.0,29515.0,29513.283333333333,12.797254479898486
29515.0,29515.0,29515.0,0.0

29514.0,29515.0,29514.983333333334,0.12801864675957114
29515.0,29517.0,29515.05,0.2843122140510213
29515.0,29517.0,29515.1,0.35118863041402704
29515.0,29517.0,29515.366666666665,0.5763872164455596

29515.0,29518.0,29516.25,0.8490190230755665
29515.0,29518.0,29516.966666666667,0.48189426250030504
29516.0,29518.0,29517.3,0.49328829267595853
29517.0,29519.0,29517.7,0.4932881718446861

29517.0,29519.0,29518.416666666668,0.5565268952484576
29419.0,29522.0,29517.233333333334,12.809328198353239
29519.0,29522.0,29519.366666666665,0.6823163986576882
29519.0,29522.0,29519.916666666668,0.80190737557112

29519.0,29523.0,29520.616666666665,1.0342738583260835
29519.0,29523.0,29521.416666666668,1.004849298954482
29520.0,29524.0,29522.183333333334,0.7414325287385433
29522.0,29525.0,29522.733333333334,0.749814725879705

29521.0,29526.0,29523.566666666666,0.9012337334761426
29423.0,29526.0,29519.216666666667,22.09607179843824
29524.0,29526.0,29525.033333333333,0.7738791081648058
29525.0,29526.0,29525.7,0.4582576111173416

29525.0,29527.0,29525.983333333334,0.2229847408941492
29525.0,29527.0,29526.066666666666,0.3091205976630094
29526.0,29527.0,29526.25,0.4330127018922193
29526.0,29527.0,29526.633333333335,0.48189426250030504

29526.0,29527.0,29526.966666666667,0.1795056293423027
29527.0,29527.0,29527.0,0.0
29527.0,29527.0,29527.0,0.0
29527.0,29527.0,29527.0,0.0

29527.0,29528.0,29527.233333333334,0.4229526178773449
29527.0,29528.0,29527.633333333335,0.48189426250030504
29525.0,29529.0,29527.933333333334,0.5120763330107856
-1.0,29529.0,28543.866666666665,5300.64868504057

29528.0,29529.0,29528.5,0.5
29528.0,29529.0,29528.9,0.2999998569488184
29527.0,29529.0,29528.966666666667,0.2560382247043703
29528.0,29529.0,29528.983333333334,0.12801911235218516

29529.0,29529.0,29529.0,0.0
29529.0,29529.0,29529.0,0.0
29527.0,29529.0,29528.966666666667,0.2560382247043703
29429.0,29529.0,29527.333333333332,12.801909582367635

29528.0,29530.0,29529.0,0.1825740987768787
29529.0,29530.0,29529.066666666666,0.249443866140955
29529.0,29530.0,29529.166666666668,0.3726779251672715
29529.0,29530.0,29529.5,0.5

29528.0,29530.0,29529.816666666666,0.4278498802824166
29529.0,29530.0,29529.983333333334,0.12801864675957114
29530.0,29530.0,29530.0,0.0
29529.0,29530.0,29529.966666666667,0.1795052972931067

29529.0,29531.0,29530.0,0.1825740987768787
29430.0,29531.0,29526.75,17.96814310458736
29530.0,29531.0,29530.266666666666,0.44221665249218517
29528.0,29531.0,29530.25,0.8874119808983074

29530.0,29531.0,29530.816666666666,0.3869395540824029
29531.0,29531.0,29531.0,0.0
29531.0,29531.0,29531.0,0.0
29528.0,29531.0,29530.933333333334,0.4027682537107469

29531.0,29531.0,29531.0,0.0
29531.0,29531.0,29531.0,0.0
29531.0,29531.0,29531.0,0.0
29531.0,29531.0,29531.0,0.0

29531.0,29531.0,29531.0,0.0
29531.0,29531.0,29531.0,0.0
29531.0,29531.0,29531.0,0.0
29531.0,29531.0,29531.0,0.0

29531.0,29531.0,29531.0,0.0
29530.0,29531.0,29530.983333333334,0.12801911235218516
29431.0,29531.0,29527.666666666668,17.95054935674607
29530.0,29531.0,29530.983333333334,0.12801911235218516

29529.0,29531.0,29530.966666666667,0.2560382247043703
29531.0,29531.0,29531.0,0.0
29531.0,29531.0,29531.0,0.0
29530.0,29531.0,29530.983333333334,0.12801911235218516

29531.0,29531.0,29531.0,0.0
29531.0,29531.0,29531.0,0.0
29531.0,29532.0,29531.016666666666,0.12801911235218516
29530.0,29532.0,29531.016666666666,0.2229847408941492

29528.0,29532.0,29531.016666666666,0.4997221651631501
29431.0,29532.0,29529.666666666668,12.853879651286901
29530.0,29532.0,29531.65,0.5423712427308497
29532.0,29532.0,29532.0,0.0

29530.0,29533.0,29531.966666666667,0.314465824605259
29531.0,29533.0,29532.066666666666,0.3091207904829853
29532.0,29533.0,29532.316666666666,0.46517624704100835
29530.0,29533.0,29532.666666666668,0.5676461165279949

29532.0,29533.0,29532.933333333334,0.249443866140955
29533.0,29533.0,29533.0,0.0
29532.0,29533.0,29532.966666666667,0.1795052972931067
29531.0,29533.0,29532.933333333334,0.359010926635563

29533.0,29533.0,29533.0,0.0
29532.0,29533.0,29532.983333333334,0.12801911235218516
29531.0,29533.0,29532.933333333334,0.3091205976630094
29432.0,29533.0,29529.633333333335,18.130054847646946
