-1.0,28254.0,19819.983333333334,9460.678131951689
-1.0,29287.0,20382.5,10781.232775058703
-1.0,35403.0,22007.266666666666,10561.128034553045
-1.0,47365.0,24175.666666666668,10637.21361489412

-1.0,47365.0,29662.2,12298.802899469525
-1.0,47365.0,31651.333333333332,16580.466947251185
-1.0,48319.0,38473.0,13334.84401983515
-1.0,48321.0,40638.65,14903.500253100488

-1.0,48332.0,39938.11666666667,16840.573399869398
-1.0,48333.0,43053.26666666667,14369.289415122634
-1.0,48333.0,46696.73333333333,8672.420674887875
48319.0,48333.0,48327.13333333333,5.728486324720499

48319.0,48335.0,48331.38333333333,2.9782079118713334
48321.0,48344.0,48332.666666666664,4.292111673091502
48321.0,48344.0,48335.683333333334,4.92440072300924
48333.0,48346.0,48341.26666666667,4.538232619146021

-1.0,48413.0,46740.01666666667,8680.607324167411
-1.0,48413.0,43540.7,14514.482807756774
-1.0,48413.0,47603.433333333334,6197.581730983627
48412.0,48413.0,48412.98333333333,0.1280209747057083

47411.0,48413.0,48396.3,128.27513398843925
48413.0,48413.0,48413.0,0.0
47412.0,48413.0,48379.61666666667,179.68194971949828
48412.0,48413.0,48412.96666666667,0.1795056293423027

48413.0,48414.0,48413.083333333336,0.27638444071586993
48413.0,48414.0,48413.23333333333,0.4229530406524677
48412.0,48414.0,48413.65,0.5107183797331136
48413.0,48414.0,48413.98333333333,0.1280209747057083

48412.0,48414.0,48413.933333333334,0.3590112586846054
48414.0,48414.0,48414.0,0.0
48414.0,48414.0,48414.0,0.0
48413.0,48414.0,48413.96666666667,0.1795056293423027

48414.0,48429.0,48418.7,6.736220529548085
48414.0,48429.0,48424.166666666664,6.6160579289272325
48414.0,48430.0,48428.15,3.1188940286346742
48428.0,48430.0,48429.01666666667,0.28819267752436406

48428.0,48431.0,48429.45,0.5894915811521548
48429.0,48431.0,48429.916666666664,0.49300691725886353
48429.0,48431.0,48430.26666666667,0.5436498089267519
48430.0,48431.0,48430.73333333333,0.4422173264220227

48429.0,48431.0,48430.86666666667,0.4268751179595829
48431.0,48431.0,48431.0,0.0
48431.0,48431.0,48431.0,0.0
48431.0,48431.0,48431.0,0.0

48431.0,48431.0,48431.0,0.0
48431.0,48431.0,48431.0,0.0
48431.0,48432.0,48431.03333333333,0.1795056293423027
48431.0,48432.0,48431.15,0.3570708338457522

48431.0,48432.0,48431.51666666667,0.49972192661195847
48431.0,48432.0,48431.88333333333,0.3210225492739318
48432.0,48432.0,48432.0,0.0
48432.0,48432.0,48432.0,0.0

48432.0,48433.0,48432.28333333333,0.4506171974215593
48432.0,48433.0,48432.63333333333,0.4818947572529412
48432.0,48433.0,48432.95,0.21794525347986887
48433.0,48433.0,48433.0,0.0

48433.0,48433.0,48433.0,0.0
48433.0,48433.0,48433.0,0.0
48433.0,48433.0,48433.0,0.0
48433.0,48433.0,48433.0,0.0

48432.0,48433.0,48432.96666666667,0.17950430114183327
48433.0,48433.0,48433.0,0.0
48432.0,48433.0,48432.96666666667,0.17950430114183327
48433.0,48433.0,48433.0,0.0

48433.0,48433.0,48433.0,0.0
48433.0,48433.0,48433.0,0.0
48431.0,48433.0,48432.933333333334,0.3590112586846054
48433.0,48433.0,48433.0,0.0

48432.0,48434.0,48433.26666666667,0.5120764494087406
48431.0,48434.0,48433.566666666666,0.587839929162791
48433.0,48434.0,48433.98333333333,0.1280209747057083
48433.0,48434.0,48433.98333333333,0.1280209747057083

48433.0,48434.0,48433.96666666667,0.1795056293423027
48434.0,48434.0,48434.0,0.0
48434.0,48434.0,48434.0,0.0
48434.0,48434.0,48434.0,0.0

48434.0,48434.0,48434.0,0.0
48434.0,48434.0,48434.0,0.0
48434.0,48435.0,48434.01666666667,0.12801724997156907
48433.0,48436.0,48434.066666666666,0.4422167872782348

48433.0,48436.0,48434.36666666667,0.7520342894507973
48433.0,48436.0,48434.916666666664,0.9711105136544577
48433.0,48436.0,48435.6,0.7348472213257566
48436.0,48436.0,48436.0,0.0

48436.0,48436.0,48436.0,0.0
48434.0,48436.0,48435.916666666664,0.37822670317596735
48436.0,48436.0,48436.0,0.0
48436.0,48436.0,48436.0,0.0

48435.0,48436.0,48435.98333333333,0.12801911235218516
48435.0,48436.0,48435.95,0.21794525347986887
48436.0,48436.0,48436.0,0.0
48434.0,48436.0,48435.916666666664,0.37822670317596735

48434.0,48436.0,48435.96666666667,0.2560382247043703
48436.0,48436.0,48436.0,0.0
48436.0,48436.0,48436.0,0.0
48436.0,48436.0,48436.0,0.0

48435.0,48436.0,48435.96666666667,0.1795056293423027
48432.0,48436.0,48435.833333333336,0.7340902222732951
48435.0,48436.0,48435.98333333333,0.12801911235218516
48436.0,48436.0,48436.0,0.0

48432.0,48436.0,48435.933333333334,0.5120759838167616
48436.0,48436.0,48436.0,0.0
48434.0,48436.0,48435.9,0.43588995999043034
48436.0,48436.0,48436.0,0.0

48436.0,48436.0,48436.0,0.0
48435.0,48436.0,48435.95,0.21794525347986887
48434.0,48436.0,48435.96666666667,0.2560382247043703
48436.0,48436.0,48436.0,0.0

48436.0,48436.0,48436.0,0.0
48436.0,48436.0,48436.0,0.0
48436.0,48436.0,48436.0,0.0
48436.0,48436.0,48436.0,0.0

48436.0,48436.0,48436.0,0.0
48436.0,48436.0,48436.0,0.0
48436.0,48436.0,48436.0,0.0
48435.0,48436.0,48435.95,0.21794525347986887

48436.0,48436.0,48436.0,0.0
48436.0,48436.0,48436.0,0.0
48434.0,48436.0,48435.9,0.39581151534066
48436.0,48436.0,48436.0,0.0
