-1.0,25710.0,19423.733333333334,9943.691634845123
-1.0,25710.0,22327.25,8193.426571801321
-1.0,25848.0,23520.066666666666,7092.230271846014
-1.0,25848.0,23132.033333333333,7711.204847420989

25636.0,25880.0,25747.216666666667,62.75563498382661
25710.0,25880.0,25802.316666666666,63.22881507325391
25710.0,26003.0,25846.9,43.35923584649379
25841.0,26003.0,25866.983333333334,25.721256882497503

-1.0,32376.0,25983.183333333334,6519.381367613705
-1.0,32376.0,27682.266666666666,7099.888301625288
-1.0,32376.0,31022.25,4569.382549918539
32329.0,32376.0,32350.933333333334,23.104016005698732

32329.0,32376.0,32369.233333333334,15.70707554254783
32376.0,32376.0,32376.0,0.0
32374.0,32376.0,32375.966666666667,0.2560379919083808
32376.0,32376.0,32376.0,0.0

-1.0,32407.0,31839.483333333334,4145.289638017532
-1.0,32412.0,30226.333333333332,8078.6125596471675
32352.0,32412.0,32399.983333333334,12.061635693038621
-1.0,32431.0,31867.3,4148.902161214857

-1.0,32431.0,31869.666666666668,4149.212321500171
32391.0,32431.0,32414.166666666668,7.865889789790783
32407.0,32431.0,32421.15,8.475110610870255
32412.0,32431.0,32429.066666666666,4.15879256414446

-1.0,32445.0,31892.45,4152.175973410407
32431.0,32445.0,32436.4,5.010655314841632
-1.0,32447.0,31899.633333333335,4153.111560290917
32435.0,32447.0,32443.866666666665,2.9914693742549168

32445.0,32457.0,32447.866666666665,4.022713308990961
32445.0,32457.0,32451.366666666665,4.567883059365173
32447.0,32457.0,32455.433333333334,2.4519833137339604
32455.0,32457.0,32456.866666666665,0.49888785175696176

32457.0,32458.0,32457.35,0.47696968568486287
32457.0,32458.0,32457.6,0.4898980799574874
32457.0,32458.0,32457.966666666667,0.1795052972931067
32458.0,32458.0,32458.0,0.0

32458.0,32458.0,32458.0,0.0
32458.0,32458.0,32458.0,0.0
32458.0,32458.0,32458.0,0.0
32458.0,32458.0,32458.0,0.0

32458.0,32458.0,32458.0,0.0
32458.0,32458.0,32458.0,0.0
-1.0,32458.0,31376.033333333333,5826.568815825965
32458.0,32459.0,32458.016666666666,0.12801911235218516

32458.0,32461.0,32458.916666666668,1.3698134136528473
32458.0,32461.0,32460.2,1.3266498676191723
32458.0,32461.0,32460.916666666668,0.45795419212377586
32461.0,32461.0,32461.0,0.0

32461.0,32462.0,32461.316666666666,0.46517624704100835
32461.0,32462.0,32461.683333333334,0.4651761189075248
32461.0,32462.0,32461.983333333334,0.12801911235218516
32462.0,32462.0,32462.0,0.0

31461.0,32462.0,32428.633333333335,179.68499906441463
32459.0,32462.0,32461.833333333332,0.6624869111405569
32462.0,32462.0,32462.0,0.0
32462.0,32462.0,32462.0,0.0

32462.0,32463.0,32462.266666666666,0.44221665249218517
32462.0,32463.0,32462.633333333335,0.48189426250030504
32462.0,32463.0,32462.966666666667,0.1795056293423027
32462.0,32463.0,32462.983333333334,0.12801864675957114

32463.0,32463.0,32463.0,0.0
32463.0,32463.0,32463.0,0.0
32463.0,32463.0,32463.0,0.0
32463.0,32463.0,32463.0,0.0

32463.0,32464.0,32463.283333333333,0.45061693287478827
32463.0,32464.0,32463.716666666667,0.4506168006013445
32464.0,32464.0,32464.0,0.0
32463.0,32464.0,32463.983333333334,0.12801911235218516

32464.0,32464.0,32464.0,0.0
32464.0,32464.0,32464.0,0.0
32464.0,32464.0,32464.0,0.0
32463.0,32464.0,32463.983333333334,0.12801911235218516

32464.0,32464.0,32464.0,0.0
32464.0,32468.0,32464.066666666666,0.5120764494087406
32464.0,32468.0,32464.2,0.8717797148672176
32463.0,32468.0,32464.5,1.3844372961352338

32464.0,32468.0,32465.266666666666,1.8607047959638245
32464.0,32468.0,32466.866666666665,1.802467466952285
32464.0,32468.0,32467.933333333334,0.5120763330107856
32468.0,32468.0,32468.0,0.0

32466.0,32468.0,32467.966666666667,0.2560379919083808
32467.0,32468.0,32467.983333333334,0.12801911235218516
32467.0,32468.0,32467.983333333334,0.12801911235218516
32468.0,32470.0,32468.066666666666,0.3590110926601226

32468.0,32470.0,32468.133333333335,0.49888749333172067
32468.0,32470.0,32468.633333333335,0.9303523018817981
32468.0,32470.0,32469.4,0.9165150921666874
32467.0,32471.0,32469.866666666665,0.5906682599084232

32469.0,32471.0,32470.033333333333,0.2560382247043703
32470.0,32471.0,32470.166666666668,0.3726779251672715
32469.0,32471.0,32470.383333333335,0.5505046826474415
32469.0,32471.0,32470.75,0.46992903883904585

32471.0,32471.0,32471.0,0.0
32471.0,32471.0,32471.0,0.0
-1.0,32471.0,31929.8,4157.036078746495
32471.0,32471.0,32471.0,0.0

-1.0,32471.0,31929.8,4157.036078746495
32471.0,32472.0,32471.033333333333,0.1795056293423027
32471.0,32472.0,32471.1,0.30000005563099663
32471.0,32472.0,32471.283333333333,0.45061693287478827

-1.0,32473.0,31930.5,4157.127251279824
32471.0,32473.0,32472.05,0.33788568570269917
32471.0,32473.0,32472.2,0.4396967911704478
32472.0,32473.0,32472.55,0.4974937808544249

32472.0,32473.0,32472.933333333334,0.249443866140955
32472.0,32474.0,32473.016666666666,0.2229847408941492
32473.0,32474.0,32473.083333333332,0.27638551900610125
32473.0,32474.0,32473.283333333333,0.45061693287478827

32473.0,32474.0,32473.75,0.4330127018922193
32474.0,32474.0,32474.0,0.0
32474.0,32474.0,32474.0,0.0
32474.0,32474.0,32474.0,0.0

32474.0,32474.0,32474.0,0.0
32473.0,32474.0,32473.983333333334,0.12801864675957114
32474.0,32474.0,32474.0,0.0
-1.0,32474.0,31932.733333333334,4157.417968189167

32473.0,32474.0,32473.95,0.2179447065102183
32474.0,32474.0,32474.0,0.0
32474.0,32474.0,32474.0,0.0
32474.0,32474.0,32474.0,0.0
