-1.0,25740.0,16275.466666666667,11162.215524507468
-1.0,25740.0,21681.583333333332,8832.892192050631
-1.0,25745.0,21390.983333333334,9567.353626598573
-1.0,25838.0,24893.666666666668,4623.263427733943

-1.0,25915.0,24107.35,6443.611352404286
-1.0,25915.0,21581.25,9651.933992081587
-1.0,25915.0,25045.7,4651.125725026146
25915.0,25915.0,25915.0,0.0

25915.0,25930.0,25919.016666666666,6.62442869746074
25823.0,25930.0,25921.766666666666,23.342640999797855
25930.0,25930.0,25930.0,0.0
25930.0,25931.0,25930.016666666666,0.12801911235218516

-1.0,39413.0,29784.4,8436.581353842314
-1.0,39413.0,29897.716666666667,13825.924890209779
-1.0,39413.0,37649.2,7398.028991562553
39412.0,39413.0,39412.75,0.4330127018922193

39412.0,39413.0,39412.98333333333,0.1280200435323333
39413.0,39413.0,39413.0,0.0
39413.0,39413.0,39413.0,0.0
39413.0,39413.0,39413.0,0.0

39412.0,39413.0,39412.98333333333,0.1280200435323333
39413.0,39413.0,39413.0,0.0
39413.0,39413.0,39413.0,0.0
39413.0,39413.0,39413.0,0.0

39412.0,39413.0,39412.98333333333,0.1280200435323333
39413.0,39414.0,39413.03333333333,0.1795056293423027
39413.0,39414.0,39413.13333333333,0.33993493972321953
39413.0,39414.0,39413.36666666667,0.48189426250030504

39413.0,39422.0,39416.73333333333,3.696244362242098
39413.0,39422.0,39420.35,2.393219580785062
39420.0,39422.0,39421.36666666667,0.5467073456042738
39421.0,39422.0,39421.78333333333,0.4119733974793917

39421.0,39424.0,39422.25,0.5664216138137182
39421.0,39424.0,39422.8,0.8326662890716177
39422.0,39424.0,39423.55,0.5605056162679549
39423.0,39424.0,39423.95,0.21794580044814674

39424.0,39425.0,39424.066666666666,0.249443866140955
39424.0,39425.0,39424.2,0.40000010728834623
39424.0,39425.0,39424.61666666667,0.4861981934551915
39424.0,39426.0,39425.11666666667,0.5193478827162583

39425.0,39426.0,39425.5,0.5
39425.0,39427.0,39425.88333333333,0.4119736868409098
39425.0,39428.0,39426.083333333336,0.49300643365774616
39425.0,39428.0,39426.45,0.7621244474999952

39425.0,39431.0,39427.4,1.2935737969013539
39427.0,39431.0,39428.78333333333,1.6236960241025793
39427.0,39431.0,39429.88333333333,1.1845065081616044
39430.0,39431.0,39430.76666666667,0.4229521951017995

39431.0,39431.0,39431.0,0.0
39431.0,39431.0,39431.0,0.0
39431.0,39431.0,39431.0,0.0
39429.0,39431.0,39430.9,0.4358896865055193

39429.0,39431.0,39430.96666666667,0.25603775911217963
39429.0,39431.0,39430.96666666667,0.25603775911217963
39431.0,39432.0,39431.01666666667,0.1280181811652638
39431.0,39432.0,39431.083333333336,0.27638530334839156

39431.0,39432.0,39431.2,0.40000010728834623
39431.0,39432.0,39431.566666666666,0.49553570937619396
39431.0,39432.0,39431.95,0.21794525347986887
39432.0,39432.0,39432.0,0.0

39432.0,39432.0,39432.0,0.0
39430.0,39432.0,39431.96666666667,0.2560382247043703
39432.0,39432.0,39432.0,0.0
39432.0,39432.0,39432.0,0.0

39432.0,39432.0,39432.0,0.0
39432.0,39432.0,39432.0,0.0
39432.0,39432.0,39432.0,0.0
39432.0,39432.0,39432.0,0.0

39432.0,39432.0,39432.0,0.0
39430.0,39432.0,39431.96666666667,0.2560382247043703
39432.0,39432.0,39432.0,0.0
39432.0,39432.0,39432.0,0.0

39432.0,39432.0,39432.0,0.0
39432.0,39432.0,39432.0,0.0
39432.0,39432.0,39432.0,0.0
39430.0,39432.0,39431.933333333334,0.359010926635563

39432.0,39433.0,39432.3,0.4582573509812947
39432.0,39433.0,39432.78333333333,0.4119733974793917
39432.0,39433.0,39432.98333333333,0.1280200435323333
39433.0,39433.0,39433.0,0.0

39433.0,39433.0,39433.0,0.0
39431.0,39433.0,39432.96666666667,0.2560382247043703
39432.0,39433.0,39432.96666666667,0.1795056293423027
39433.0,39433.0,39433.0,0.0

39432.0,39433.0,39432.98333333333,0.1280200435323333
39433.0,39433.0,39433.0,0.0
39433.0,39433.0,39433.0,0.0
39432.0,39433.0,39432.96666666667,0.1795056293423027

39432.0,39433.0,39432.98333333333,0.1280200435323333
39433.0,39433.0,39433.0,0.0
39433.0,39433.0,39433.0,0.0
39433.0,39433.0,39433.0,0.0

39433.0,39433.0,39433.0,0.0
39433.0,39433.0,39433.0,0.0
39433.0,39433.0,39433.0,0.0
39433.0,39433.0,39433.0,0.0

39433.0,39434.0,39433.28333333333,0.45061693287478827
39433.0,39434.0,39433.6,0.4898982016249113
39433.0,39434.0,39433.95,0.21794580044814674
39434.0,39434.0,39434.0,0.0

39433.0,39434.0,39433.98333333333,0.1280200435323333
39434.0,39434.0,39434.0,0.0
39433.0,39434.0,39433.98333333333,0.1280200435323333
39432.0,39434.0,39433.933333333334,0.359010926635563

39434.0,39434.0,39434.0,0.0
39434.0,39434.0,39434.0,0.0
39434.0,39434.0,39434.0,0.0
39434.0,39434.0,39434.0,0.0

39434.0,39434.0,39434.0,0.0
39432.0,39434.0,39433.96666666667,0.2560382247043703
39434.0,39434.0,39434.0,0.0
39434.0,39434.0,39434.0,0.0

39432.0,39434.0,39433.96666666667,0.2560382247043703
39434.0,39434.0,39434.0,0.0
39434.0,39434.0,39434.0,0.0
39434.0,39434.0,39434.0,0.0

39434.0,39434.0,39434.0,0.0
39434.0,39434.0,39434.0,0.0
39433.0,39434.0,39433.98333333333,0.1280200435323333
39431.0,39434.0,39433.95,0.3840576474509416
