-1.0,25998.0,15545.366666666667,10688.178609982568
-1.0,25998.0,20300.566666666666,9731.780678729303
-1.0,25998.0,23924.85,6409.0182108884765
21467.0,26007.0,25762.216666666667,592.2267890953394

-1.0,48344.0,28592.066666666666,12548.003056086482
-1.0,48344.0,35254.98333333333,15106.799579981283
-1.0,48352.0,41130.98333333333,13087.215358880681
-1.0,48352.0,45474.85,8695.631134512325

-1.0,50354.0,44797.23333333333,13553.450321310167
-1.0,50354.0,48903.13333333333,6461.191921688223
50337.0,50354.0,50340.4,6.621178118412971
50337.0,50354.0,50345.65,8.427781420738837

-1.0,50391.0,48684.7,9040.724595407191
48355.0,50392.0,50345.2,259.64756883246633
50390.0,50392.0,50391.26666666667,0.6798688273976393
50391.0,50392.0,50391.76666666667,0.42295247695221005

50391.0,50392.0,50391.98333333333,0.1280209747057083
50392.0,50392.0,50392.0,0.0
50392.0,50393.0,50392.01666666667,0.12801724997156907
50392.0,50393.0,50392.066666666666,0.2494443440407615

50392.0,50393.0,50392.23333333333,0.4229530406524677
50392.0,50393.0,50392.666666666664,0.47140463318261433
50392.0,50394.0,50393.0,0.1825740987768787
50392.0,50394.0,50393.1,0.3958121176940238

50392.0,50395.0,50393.4,0.5537750906674127
50393.0,50395.0,50393.816666666666,0.5624847410039713
50392.0,50395.0,50394.15,0.5423712427308497
50393.0,50397.0,50394.6,0.6377042854460596

50392.0,50397.0,50395.0,0.8366599125481851
50394.0,50398.0,50395.75,0.8490190230755665
50395.0,50398.0,50396.433333333334,0.7386173512606186
50396.0,50398.0,50396.9,0.5385164452948743

50397.0,50398.0,50397.333333333336,0.47140463318261433
50396.0,50399.0,50397.71666666667,0.5193476531797185
50397.0,50399.0,50398.11666666667,0.36930851423508154
50397.0,50399.0,50398.38333333333,0.5799905730171986

50398.0,50399.0,50398.816666666666,0.38694001620581636
50399.0,50399.0,50399.0,0.0
50399.0,50399.0,50399.0,0.0
49397.0,50399.0,50382.3,128.27513398843925

50399.0,50402.0,50400.01666666667,1.2844150806122603
50399.0,50402.0,50401.15,1.1521718042399733
50400.0,50402.0,50401.933333333334,0.3091209833028409
50402.0,50402.0,50402.0,0.0

50401.0,50402.0,50401.98333333333,0.12801911235218516
49400.0,50402.0,50368.6,179.86450455765618
50400.0,50402.0,50401.96666666667,0.2560382247043703
50401.0,50402.0,50401.98333333333,0.12801911235218516

50402.0,50402.0,50402.0,0.0
50402.0,50402.0,50402.0,0.0
-1.0,50402.0,49561.73333333333,6452.518337483124
50402.0,50402.0,50402.0,0.0

50401.0,50402.0,50401.98333333333,0.12801911235218516
50402.0,50402.0,50402.0,0.0
50402.0,50402.0,50402.0,0.0
50402.0,50402.0,50402.0,0.0

50402.0,50402.0,50402.0,0.0
50402.0,50402.0,50402.0,0.0
50401.0,50402.0,50401.98333333333,0.12801911235218516
50402.0,50402.0,50402.0,0.0

49401.0,50402.0,50368.566666666666,179.6729776262526
50401.0,50402.0,50401.96666666667,0.1795056293423027
50401.0,50402.0,50401.98333333333,0.12801911235218516
50402.0,50402.0,50402.0,0.0

50402.0,50403.0,50402.316666666666,0.4651765033078695
50402.0,50403.0,50402.666666666664,0.47140513894440456
50402.0,50403.0,50402.98333333333,0.12801911235218516
50403.0,50403.0,50403.0,0.0

50403.0,50403.0,50403.0,0.0
50401.0,50403.0,50402.933333333334,0.3590105945862134
50402.0,50403.0,50402.98333333333,0.12801911235218516
50403.0,50403.0,50403.0,0.0

50403.0,50403.0,50403.0,0.0
50402.0,50403.0,50402.98333333333,0.12801911235218516
50403.0,50403.0,50403.0,0.0
-1.0,50403.0,49562.933333333334,6452.674504592827

50403.0,50403.0,50403.0,0.0
50401.0,50403.0,50402.933333333334,0.3590105945862134
50403.0,50403.0,50403.0,0.0
50403.0,50403.0,50403.0,0.0

50403.0,50405.0,50403.666666666664,0.9428092663652287
-1.0,50405.0,47044.03333333333,12573.314065865407
50403.0,50405.0,50404.933333333334,0.3590105945862134
49398.0,50405.0,50371.433333333334,180.76203202659957

50405.0,50405.0,50405.0,0.0
50405.0,50405.0,50405.0,0.0
50401.0,50405.0,50404.933333333334,0.5120759838167616
50404.0,50405.0,50404.98333333333,0.1280209747057083

50405.0,50405.0,50405.0,0.0
50405.0,50405.0,50405.0,0.0
50402.0,50405.0,50404.9,0.5385164452948743
50405.0,50405.0,50405.0,0.0

50405.0,50405.0,50405.0,0.0
50405.0,50405.0,50405.0,0.0
-1.0,50405.0,49564.9,6452.930542784393
50403.0,50405.0,50404.933333333334,0.3590105945862134

50405.0,50405.0,50405.0,0.0
50405.0,50405.0,50405.0,0.0
50404.0,50405.0,50404.98333333333,0.1280209747057083
50405.0,50405.0,50405.0,0.0

50405.0,50405.0,50405.0,0.0
50403.0,50405.0,50404.933333333334,0.3590105945862134
50401.0,50405.0,50404.933333333334,0.5120759838167616
-1.0,50405.0,49564.9,6452.930542784393

50404.0,50406.0,50405.316666666666,0.532029869761196
50404.0,50406.0,50405.6,0.6110101915124494
50405.0,50406.0,50405.98333333333,0.1280209747057083
50406.0,50406.0,50406.0,0.0

50406.0,50406.0,50406.0,0.0
50406.0,50406.0,50406.0,0.0
50406.0,50406.0,50406.0,0.0
50406.0,50407.0,50406.03333333333,0.1795056293423027

50406.0,50407.0,50406.05,0.21794415953919502
50406.0,50407.0,50406.166666666664,0.3726779251672715
50404.0,50407.0,50406.566666666666,0.587839929162791
50403.0,50407.0,50406.85,0.5722764570753841

50407.0,50407.0,50407.0,0.0
50407.0,50407.0,50407.0,0.0
50407.0,50407.0,50407.0,0.0
50407.0,50407.0,50407.0,0.0
