-1.0,26366.0,17930.3,10396.812253923476
-1.0,26366.0,18930.483333333334,11120.700770022944
-1.0,26366.0,24381.683333333334,5955.895735856092
-1.0,26377.0,23657.966666666667,7888.943070244303

-1.0,42309.0,25666.516666666666,12030.964992456853
-1.0,46329.0,32227.666666666668,12201.086459364538
-1.0,46329.0,38661.71666666667,7601.017201865507
-1.0,46354.0,40450.48333333333,7938.318580345317

-1.0,46354.0,42105.76666666667,9917.88561029459
-1.0,46357.0,45180.4,6012.840300002434
-1.0,46377.0,45574.46666666667,5933.431804800854
46354.0,47319.0,46372.933333333334,123.41391961768676

-1.0,49379.0,42525.566666666666,14225.999999258012
-1.0,49394.0,46907.26666666667,8795.190657146393
48343.0,49394.0,49363.28333333333,132.90110253816036
49379.0,49394.0,49385.85,7.226859619630994

49364.0,49405.0,49390.75,6.756786713997698
49379.0,49405.0,49393.933333333334,2.4004629324442948
49394.0,49405.0,49394.566666666666,2.3969889189742926
49394.0,49405.0,49396.63333333333,4.556923946985736

49393.0,49406.0,49399.46666666667,5.107075678395933
49394.0,49406.0,49403.78333333333,2.8289672271890614
49405.0,49406.0,49405.066666666666,0.2494443440407615
49404.0,49407.0,49405.25,0.5041493856868011

49400.0,49411.0,49405.5,1.1474609375
49405.0,49411.0,49406.433333333334,1.6265163682594221
49406.0,49411.0,49408.11666666667,2.229287390841651
-1.0,49411.0,47763.0,8869.552311137231

49411.0,50448.0,49790.333333333336,498.54757936284255
49411.0,50448.0,50222.11666666667,425.1255536764208
49411.0,50448.0,50429.833333333336,132.6955370577983
50446.0,50448.0,50447.96666666667,0.2560382247043703

50448.0,50451.0,50448.683333333334,1.024559512508488
50448.0,50451.0,50449.816666666666,1.087683502149586
50448.0,50451.0,50450.78333333333,0.5193481122526965
50450.0,50452.0,50451.05,0.2843113754696346

50451.0,50452.0,50451.28333333333,0.4506171974215593
50451.0,50452.0,50451.61666666667,0.4861981934551915
50451.0,50452.0,50451.916666666664,0.27638530334839156
50452.0,50452.0,50452.0,0.0

-1.0,50452.0,47929.316666666666,10995.96877570997
50452.0,50452.0,50452.0,0.0
50452.0,50453.0,50452.03333333333,0.1795056293423027
50451.0,50453.0,50452.1,0.35118863041402704

50451.0,50453.0,50452.3,0.5259906504855323
50452.0,50453.0,50452.683333333334,0.465175990774006
-1.0,50453.0,48771.2,9056.770172638837
50453.0,50453.0,50453.0,0.0

50452.0,50454.0,50453.01666666667,0.22298367167681282
50452.0,50454.0,50453.11666666667,0.36930851423508154
50453.0,50454.0,50453.433333333334,0.49553546880963895
50453.0,50454.0,50453.76666666667,0.42295191325120113

50453.0,50455.0,50453.96666666667,0.2560382247043703
50453.0,50455.0,50454.05,0.2843113754696346
50453.0,50455.0,50454.28333333333,0.5193476531797185
50454.0,50455.0,50454.73333333333,0.4422173264220227

50454.0,50455.0,50454.95,0.2179463474150519
50455.0,50455.0,50455.0,0.0
50455.0,50455.0,50455.0,0.0
50455.0,50457.0,50455.03333333333,0.2560382247043703

50455.0,50457.0,50455.166666666664,0.5527710380122025
50454.0,50457.0,50455.566666666666,0.9374908446818586
50455.0,50457.0,50456.28333333333,0.8384842625905752
50456.0,50457.0,50456.933333333334,0.24944338824023293

50457.0,50457.0,50457.0,0.0
50456.0,50457.0,50456.98333333333,0.1280209747057083
50457.0,50457.0,50457.0,0.0
50456.0,50457.0,50456.96666666667,0.17950430114183327

50457.0,50458.0,50457.26666666667,0.4422162481337896
50457.0,50458.0,50457.6,0.4898982016249113
50457.0,50458.0,50457.98333333333,0.1280209747057083
50458.0,50458.0,50458.0,0.0

50457.0,50460.0,50458.583333333336,0.9181804007168188
50458.0,50461.0,50459.36666666667,0.9122620154666538
50459.0,50461.0,50460.03333333333,0.3144660141477217
50459.0,50461.0,50460.23333333333,0.5280995921507006

50460.0,50461.0,50460.6,0.4898982016249113
50460.0,50461.0,50460.96666666667,0.1795056293423027
50460.0,50461.0,50460.96666666667,0.1795056293423027
-1.0,50461.0,49619.96666666667,6460.099612149102

50461.0,50461.0,50461.0,0.0
50461.0,50461.0,50461.0,0.0
50461.0,50461.0,50461.0,0.0
50461.0,50461.0,50461.0,0.0

50461.0,50461.0,50461.0,0.0
50461.0,50461.0,50461.0,0.0
50459.0,50461.0,50460.96666666667,0.2560382247043703
50461.0,50461.0,50461.0,0.0

50459.0,50461.0,50460.96666666667,0.2560382247043703
50461.0,50461.0,50461.0,0.0
50461.0,50461.0,50461.0,0.0
50461.0,50461.0,50461.0,0.0

50459.0,50461.0,50460.933333333334,0.3091202120226968
50461.0,50461.0,50461.0,0.0
50458.0,50461.0,50460.9,0.5385164452948743
50461.0,50461.0,50461.0,0.0

50461.0,50461.0,50461.0,0.0
50461.0,50461.0,50461.0,0.0
50460.0,50461.0,50460.96666666667,0.1795056293423027
50460.0,50462.0,50460.98333333333,0.2229858101063587

50459.0,50462.0,50460.933333333334,0.5120759838167616
-1.0,50462.0,49620.13333333333,6460.12132617408
50460.0,50462.0,50461.51666666667,0.5320294216309442
50461.0,50462.0,50461.833333333336,0.3726779251672715

50459.0,50462.0,50461.916666666664,0.41998716334753494
50462.0,50462.0,50462.0,0.0
50462.0,50462.0,50462.0,0.0
50462.0,50462.0,50462.0,0.0

50462.0,50462.0,50462.0,0.0
50462.0,50462.0,50462.0,0.0
50462.0,50462.0,50462.0,0.0
50461.0,50462.0,50461.96666666667,0.1795056293423027

50460.0,50462.0,50461.96666666667,0.2560382247043703
50461.0,50462.0,50461.96666666667,0.1795056293423027
-1.0,50462.0,49620.95,6460.227631244903
50462.0,50462.0,50462.0,0.0

50462.0,50464.0,50462.6,0.9165152222346832
50462.0,50464.0,50463.48333333333,0.8658651631599033
50462.0,50464.0,50463.933333333334,0.3590105945862134
50462.0,50464.0,50463.833333333336,0.5527706066967831
