-1.0,25666.0,14340.133333333333,11219.154879738295
-1.0,25666.0,19459.65,9961.29543755061
-1.0,25690.0,21276.4,9520.786513728784
-1.0,25690.0,22645.733333333334,8230.470992733175

-1.0,49336.0,30820.816666666666,11891.415100107115
-1.0,49359.0,37647.55,16235.851330132537
-1.0,49359.0,46099.75,9597.081189307846
45351.0,49359.0,49241.683333333334,567.7050141183489

-1.0,49359.0,48528.13333333333,6317.96278997871
-1.0,49359.0,48535.15,6318.870236112896
49359.0,49359.0,49359.0,0.0
49357.0,49359.0,49358.96666666667,0.2560382247043703

49359.0,49359.0,49359.0,0.0
49358.0,49360.0,49358.98333333333,0.2229858101063587
49359.0,49360.0,49359.1,0.3000002543130432
49359.0,49360.0,49359.36666666667,0.48189426250030504

49359.0,49360.0,49359.816666666666,0.38694001620581636
49359.0,49360.0,49359.96666666667,0.1795056293423027
49360.0,49360.0,49360.0,0.0
49360.0,49361.0,49360.01666666667,0.12801724997156907

49360.0,49361.0,49360.01666666667,0.12801724997156907
49360.0,49361.0,49360.05,0.21794525347986887
49357.0,49361.0,49360.2,0.6000005086260864
49360.0,49361.0,49360.683333333334,0.465175990774006

49360.0,49362.0,49360.85,0.4010403455572125
49360.0,49362.0,49361.066666666666,0.3590112586846054
49360.0,49362.0,49361.28333333333,0.4861986838281753
49360.0,49363.0,49361.65,0.7921487110279867

49361.0,49363.0,49362.23333333333,0.49553594994263217
49360.0,49363.0,49362.51666666667,0.7414322071737056
49362.0,49363.0,49362.98333333333,0.1280209747057083
49361.0,49363.0,49362.96666666667,0.2560372935191423

49363.0,49363.0,49363.0,0.0
49363.0,49363.0,49363.0,0.0
49363.0,49364.0,49363.01666666667,0.12801724997156907
49362.0,49364.0,49363.03333333333,0.2560382247043703

49363.0,49365.0,49363.48333333333,0.5320303178910704
49362.0,49365.0,49363.916666666664,0.5857099981516574
49364.0,49365.0,49364.35,0.47697006058052066
49364.0,49366.0,49364.833333333336,0.4149959766238869

49364.0,49367.0,49365.416666666664,0.556527109450624
48364.0,49367.0,49332.5,179.84701832337745
49366.0,49368.0,49366.48333333333,0.5624851648705617
49366.0,49368.0,49367.01666666667,0.465175990774006

49366.0,49368.0,49367.3,0.5259906504855323
49367.0,49368.0,49367.78333333333,0.4119733974793917
49367.0,49368.0,49367.96666666667,0.1795056293423027
49368.0,49368.0,49368.0,0.0

49367.0,49370.0,49368.26666666667,0.5436498089267519
49367.0,49370.0,49368.7,0.6658330314676923
49368.0,49370.0,49369.1,0.47258158953206
49369.0,49370.0,49369.53333333333,0.49888773228191

49369.0,49370.0,49369.88333333333,0.3210225492739318
49370.0,49370.0,49370.0,0.0
49370.0,49370.0,49370.0,0.0
49368.0,49371.0,49369.98333333333,0.28819350481199313

49370.0,49371.0,49370.13333333333,0.33993493972321953
49368.0,49371.0,49370.13333333333,0.6446362958905527
49370.0,49371.0,49370.416666666664,0.49300691725886353
49370.0,49371.0,49370.86666666667,0.3399342383571721

49370.0,49371.0,49370.98333333333,0.1280209747057083
49371.0,49371.0,49371.0,0.0
49368.0,49371.0,49370.9,0.5385164452948743
49371.0,49371.0,49371.0,0.0

49371.0,49372.0,49371.01666666667,0.12801724997156907
49371.0,49372.0,49371.083333333336,0.27638530334839156
49371.0,49372.0,49371.35,0.47697006058052066
49371.0,49372.0,49371.78333333333,0.4119739762022246

49370.0,49372.0,49371.9,0.35118795152300125
49372.0,49372.0,49372.0,0.0
49372.0,49372.0,49372.0,0.0
49372.0,49372.0,49372.0,0.0

49372.0,49372.0,49372.0,0.0
49372.0,49372.0,49372.0,0.0
49372.0,49372.0,49372.0,0.0
49372.0,49372.0,49372.0,0.0

49371.0,49372.0,49371.96666666667,0.1795056293423027
49372.0,49372.0,49372.0,0.0
49370.0,49372.0,49371.916666666664,0.37822670317596735
49372.0,49372.0,49372.0,0.0

49371.0,49372.0,49371.96666666667,0.1795056293423027
49372.0,49372.0,49372.0,0.0
49372.0,49372.0,49372.0,0.0
49370.0,49372.0,49371.96666666667,0.2560382247043703

49370.0,49372.0,49371.933333333334,0.3590105945862134
49370.0,49372.0,49371.933333333334,0.3590105945862134
49372.0,49372.0,49372.0,0.0
49372.0,49372.0,49372.0,0.0

49371.0,49372.0,49371.98333333333,0.1280209747057083
49372.0,49372.0,49372.0,0.0
49372.0,49372.0,49372.0,0.0
49371.0,49372.0,49371.98333333333,0.1280209747057083

49372.0,49372.0,49372.0,0.0
49372.0,49372.0,49372.0,0.0
49372.0,49372.0,49372.0,0.0
49370.0,49372.0,49371.96666666667,0.2560382247043703

49372.0,49372.0,49372.0,0.0
49372.0,49372.0,49372.0,0.0
49372.0,49372.0,49372.0,0.0
49372.0,49372.0,49372.0,0.0

49370.0,49372.0,49371.96666666667,0.2560382247043703
49370.0,49372.0,49371.933333333334,0.3590105945862134
49372.0,49372.0,49372.0,0.0
49372.0,49372.0,49372.0,0.0

49372.0,49372.0,49372.0,0.0
49372.0,49372.0,49372.0,0.0
49372.0,49372.0,49372.0,0.0
49372.0,49372.0,49372.0,0.0

49372.0,49372.0,49372.0,0.0
49372.0,49372.0,49372.0,0.0
49372.0,49372.0,49372.0,0.0
49372.0,49372.0,49372.0,0.0

49372.0,49372.0,49372.0,0.0
49371.0,49372.0,49371.98333333333,0.1280209747057083
49372.0,49372.0,49372.0,0.0
49370.0,49372.0,49371.9,0.43588995999043034

49372.0,49372.0,49372.0,0.0
49371.0,49372.0,49371.96666666667,0.1795056293423027
49372.0,49372.0,49372.0,0.0
49372.0,49372.0,49372.0,0.0
