-1.0,34242.0,17288.416666666668,10413.760089886948
-1.0,34242.0,20882.75,9688.689332799355
-1.0,34242.0,23662.8,8922.783623585936
-1.0,37325.0,23931.6,11769.631369475146

-1.0,39339.0,28213.566666666666,11459.064971114454
-1.0,42275.0,32388.633333333335,8918.853042790242
-1.0,42275.0,34945.7,8371.565869656652
-1.0,42275.0,36827.36666666667,8832.914111372802

-1.0,42275.0,36190.76666666667,13283.381931780601
-1.0,42294.0,40667.21666666667,7608.328800491523
42275.0,42294.0,42277.0,5.304086485399285
42275.0,42294.0,42283.35,8.531949765637394

42275.0,42294.0,42290.21666666667,6.8777216812565225
42294.0,42294.0,42294.0,0.0
42294.0,42294.0,42294.0,0.0
42294.0,42294.0,42294.0,0.0

-1.0,50390.0,42556.23333333333,10409.326552610844
-1.0,50401.0,40791.78333333333,17482.629348481565
-1.0,50407.0,46557.75,12579.567297307956
49399.0,50409.0,50375.96666666667,127.32608618176533

-1.0,50422.0,48722.9,9047.806643417309
-1.0,50434.0,49571.05,6453.736327185436
50407.0,50442.0,50417.183333333334,5.920280584116908
50414.0,50442.0,50422.083333333336,7.0149641511616965

49440.0,50442.0,50413.166666666664,126.87371236589351
50413.0,50449.0,50436.316666666666,6.47943327703768
50434.0,50450.0,50441.38333333333,4.082857156093986
50439.0,50453.0,50444.6,3.406855888026167

49440.0,50456.0,50431.316666666666,129.0975718416146
50446.0,50456.0,50450.6,2.091251647729675
50449.0,50456.0,50452.53333333333,1.9871811137102031
50453.0,50456.0,50454.8,1.4696936315351412

50453.0,50461.0,50457.38333333333,2.3100625672887776
50455.0,50462.0,50458.88333333333,2.4089532505311575
50456.0,50462.0,50460.88333333333,0.8183654930596187
50460.0,50462.0,50461.333333333336,0.5374834457332206

-1.0,50463.0,49620.78333333333,6460.205956705681
50461.0,50463.0,50462.23333333333,0.49553594994263217
50461.0,50464.0,50462.583333333336,0.5565266810462087
50462.0,50464.0,50462.95,0.46278141842056664

50463.0,50464.0,50463.316666666666,0.4651765033078695
50463.0,50465.0,50463.76666666667,0.5878395235784653
50464.0,50465.0,50464.28333333333,0.4506171974215593
50464.0,50465.0,50464.7,0.45825813138899224

50464.0,50465.0,50464.916666666664,0.2763861659782208
50464.0,50465.0,50464.933333333334,0.24944338824023293
50465.0,50465.0,50465.0,0.0
50465.0,50466.0,50465.03333333333,0.1795056293423027

50465.0,50466.0,50465.15,0.3570715015518026
50465.0,50467.0,50465.45,0.5299370192048584
-1.0,50467.0,42895.73333333333,18020.23241606193
50465.0,50467.0,50466.11666666667,0.4861981934551915

50465.0,50468.0,50466.683333333334,0.618914927070501
50466.0,50468.0,50467.11666666667,0.45061666832786196
50466.0,50468.0,50467.38333333333,0.5193481122526965
50467.0,50468.0,50467.85,0.3570715015518026

50466.0,50472.0,50468.76666666667,1.509598696858016
50468.0,50472.0,50470.28333333333,1.2661182713879198
50470.0,50472.0,50471.316666666666,0.5913733046109658
50471.0,50472.0,50471.8,0.39999980926509127

50470.0,50472.0,50471.933333333334,0.3590105945862134
50472.0,50472.0,50472.0,0.0
50471.0,50472.0,50471.96666666667,0.17950430114183327
-1.0,50472.0,49630.78333333333,6461.507822202884

50472.0,50472.0,50472.0,0.0
50472.0,50472.0,50472.0,0.0
50472.0,50472.0,50472.0,0.0
50471.0,50472.0,50471.98333333333,0.1280209747057083

-1.0,50472.0,47948.316666666666,11000.327674652346
50472.0,50472.0,50472.0,0.0
-1.0,50472.0,48789.566666666666,9060.180777016654
50472.0,50472.0,50472.0,0.0

50470.0,50472.0,50471.916666666664,0.37822733353436994
50471.0,50472.0,50471.98333333333,0.1280209747057083
50472.0,50472.0,50472.0,0.0
-1.0,50472.0,49630.75,6461.50348506444

50471.0,50472.0,50471.98333333333,0.1280209747057083
50472.0,50472.0,50472.0,0.0
50472.0,50472.0,50472.0,0.0
50472.0,50472.0,50472.0,0.0

50470.0,50472.0,50471.96666666667,0.2560382247043703
50472.0,50472.0,50472.0,0.0
50472.0,50472.0,50472.0,0.0
50472.0,50472.0,50472.0,0.0

50472.0,50472.0,50472.0,0.0
50472.0,50472.0,50472.0,0.0
50471.0,50472.0,50471.98333333333,0.1280209747057083
50471.0,50472.0,50471.98333333333,0.1280209747057083

50472.0,50472.0,50472.0,0.0
50472.0,50472.0,50472.0,0.0
50471.0,50472.0,50471.96666666667,0.17950430114183327
50472.0,50472.0,50472.0,0.0

50471.0,50472.0,50471.98333333333,0.1280209747057083
50472.0,50472.0,50472.0,0.0
50471.0,50472.0,50471.98333333333,0.1280209747057083
50472.0,50472.0,50472.0,0.0

50472.0,50472.0,50472.0,0.0
-1.0,50472.0,48789.51666666667,9060.171500385011
50471.0,50472.0,50471.96666666667,0.17950430114183327
50470.0,50472.0,50471.96666666667,0.2560382247043703

50469.0,50472.0,50471.9,0.5385164452948743
50472.0,50472.0,50472.0,0.0
50472.0,50472.0,50472.0,0.0
50472.0,50473.0,50472.01666666667,0.12801724997156907

50471.0,50473.0,50472.066666666666,0.3091202120226968
50470.0,50473.0,50472.25,0.5361901758075844
50472.0,50473.0,50472.666666666664,0.47140463318261433
50473.0,50473.0,50473.0,0.0

50473.0,50473.0,50473.0,0.0
50473.0,50473.0,50473.0,0.0
50471.0,50473.0,50472.96666666667,0.2560372935191423
50473.0,50473.0,50473.0,0.0

-1.0,50473.0,48790.53333333333,9060.360282510252
50473.0,50473.0,50473.0,0.0
50471.0,50473.0,50472.95,0.2843122140510213
50473.0,50473.0,50473.0,0.0

50472.0,50473.0,50472.95,0.21794525347986887
50472.0,50473.0,50472.98333333333,0.1280209747057083
50472.0,50473.0,50472.96666666667,0.17950430114183327
50472.0,50473.0,50472.95,0.21794525347986887
