-1.0,25805.0,18183.433333333334,10286.137097029616
-1.0,25805.0,22279.2,8181.426360564106
-1.0,25904.0,23156.166666666668,7719.924907162127
25530.0,25904.0,25790.233333333334,55.48464251910049

-1.0,26063.0,23274.05,7758.729875490792
-1.0,26063.0,23337.416666666668,7779.954820545047
25766.0,26064.0,26003.833333333332,65.45307903875548
24961.0,26162.0,26019.8,150.78216074851315

26057.0,26175.0,26095.75,48.14652116172214
25866.0,26261.0,26136.866666666665,61.962479687253186
26163.0,26261.0,26173.483333333334,16.904133285180464
26074.0,26269.0,26184.083333333332,37.36365955757496

26167.0,26271.0,26208.0,41.79872406336569
26168.0,26271.0,26243.533333333333,36.066820702309066
26175.0,26273.0,26264.333333333332,12.304019219552458
26169.0,26273.0,26264.916666666668,21.21971698125075

26175.0,26273.0,26269.816666666666,12.449219075571898
26270.0,26274.0,26272.6,0.7788881841188665
26272.0,26274.0,26273.016666666666,0.22298500819768222
26272.0,26274.0,26273.05,0.2843120044059065

26183.0,26504.0,26344.033333333333,110.01741781292307
26187.0,26506.0,26438.133333333335,99.58689114940043
26504.0,26506.0,26504.416666666668,0.8019074498997069
26504.0,26507.0,26505.3,1.037625516629639

26505.0,26508.0,26506.45,0.9385271803019817
26504.0,26511.0,26507.233333333334,1.1883695330106352
26506.0,26511.0,26507.966666666667,1.0159834009301412
26508.0,26511.0,26508.833333333332,0.9159087747099589

26508.0,26511.0,26509.4,0.9865765249362863
26509.0,26512.0,26510.316666666666,0.9572820218125814
26509.0,26512.0,26511.016666666666,0.4997221651631501
26510.0,26512.0,26511.316666666666,0.4997221651631501

26511.0,26512.0,26511.616666666665,0.4861984386417452
26510.0,26513.0,26511.766666666666,0.6920179689036864
26511.0,26513.0,26512.183333333334,0.4278498802824166
26512.0,26513.0,26512.583333333332,0.49300667545836413

26512.0,26519.0,26514.666666666668,2.4472206154205938
26513.0,26519.0,26517.233333333334,1.9694894885334437
26517.0,26519.0,26518.183333333334,0.618914734460333
26518.0,26520.0,26518.866666666665,0.3858613035528813

26518.0,26521.0,26519.316666666666,0.5913733046109658
26518.0,26522.0,26519.816666666666,0.7851043987708255
26518.0,26522.0,26520.483333333334,0.7851043987708255
26520.0,26522.0,26520.966666666667,0.6574361163822066

26520.0,26524.0,26521.5,0.7187952773718639
26521.0,26524.0,26522.016666666666,0.718602040859502
26522.0,26524.0,26522.65,0.8911603021626894
26522.0,26524.0,26523.383333333335,0.8773381464873509

26522.0,26524.0,26523.85,0.47696968568486287
26524.0,26524.0,26524.0,0.0
26524.0,26524.0,26524.0,0.0
26522.0,26524.0,26523.966666666667,0.2560379919083808

26523.0,26525.0,26524.0,0.1825740987768787
26523.0,26525.0,26524.066666666666,0.3091205976630094
26524.0,26525.0,26524.183333333334,0.3869394000411424
26524.0,26525.0,26524.533333333333,0.49888761280682964

26524.0,26526.0,26525.016666666666,0.46517624704100835
26525.0,26527.0,26525.383333333335,0.5193477679480011
26524.0,26527.0,26525.733333333334,0.573488354831588
26525.0,26527.0,26526.183333333334,0.46517624704100835

26525.0,26529.0,26526.666666666668,0.5962846762692325
26526.0,26529.0,26527.133333333335,0.6182411953260188
26526.0,26529.0,26527.483333333334,0.9397103637511901
26527.0,26529.0,26528.216666666667,0.9325890022532531

26527.0,26530.0,26528.983333333334,0.4651761189075248
26528.0,26531.0,26529.25,0.5664215085835348
26528.0,26531.0,26529.65,0.7708220524005395
26529.0,26531.0,26530.45,0.6171169965046157

26530.0,26532.0,26530.95,0.38405718185926835
26529.0,26533.0,26531.083333333332,0.49300679635862865
26531.0,26533.0,26531.566666666666,0.6920179689036864
26528.0,26533.0,26531.766666666666,1.5954797371271288

26531.0,26533.0,26532.666666666668,0.5676461165279949
26532.0,26533.0,26532.966666666667,0.1795052972931067
26531.0,26533.0,26532.866666666665,0.49888773228191
26533.0,26533.0,26533.0,0.0

26532.0,26533.0,26532.966666666667,0.1795052972931067
26533.0,26533.0,26533.0,0.0
26533.0,26533.0,26533.0,0.0
26532.0,26533.0,26532.983333333334,0.12801911235218516

26435.0,26632.0,26551.166666666668,42.31121469373987
26531.0,26634.0,26590.683333333334,48.95729147783243
26533.0,26634.0,26625.483333333334,24.653256489638434
26432.0,26634.0,26625.633333333335,35.96153809391682

26631.0,26634.0,26633.183333333334,0.9035423871870791
26632.0,26634.0,26633.833333333332,0.48876270209389944
26633.0,26634.0,26633.95,0.2179447065102183
26634.0,26634.0,26634.0,0.0

26634.0,26636.0,26634.833333333332,0.9159087747099589
26634.0,26636.0,26635.716666666667,0.6080478987084145
26636.0,26636.0,26636.0,0.0
26636.0,26636.0,26636.0,0.0

26636.0,26637.0,26636.316666666666,0.46517624704100835
26535.0,26637.0,26634.966666666667,13.023013812280345
26636.0,26637.0,26636.983333333334,0.12801911235218516
26635.0,26637.0,26636.933333333334,0.359010926635563

26636.0,26637.0,26636.983333333334,0.12801911235218516
26637.0,26637.0,26637.0,0.0
26636.0,26637.0,26636.933333333334,0.249443866140955
26535.0,26637.0,26633.6,18.30956034777313

26637.0,26637.0,26637.0,0.0
26637.0,26638.0,26637.033333333333,0.1795056293423027
26536.0,26638.0,26635.383333333335,12.941009317350648
26538.0,26638.0,26635.566666666666,12.70874589761079

26637.0,26638.0,26637.65,0.47696956071957813
26636.0,26638.0,26637.916666666668,0.33124350055580176
26638.0,26638.0,26638.0,0.0
26638.0,26638.0,26638.0,0.0

26638.0,26638.0,26638.0,0.0
26637.0,26638.0,26637.983333333334,0.12801911235218516
26638.0,26638.0,26638.0,0.0
26537.0,26638.0,26636.266666666666,12.929123027730736

26638.0,26638.0,26638.0,0.0
26638.0,26638.0,26638.0,0.0
26637.0,26638.0,26637.983333333334,0.12801911235218516
26638.0,26638.0,26638.0,0.0

26636.0,26638.0,26637.95,0.2843120044059065
26537.0,26638.0,26636.316666666666,12.929928678815942
26636.0,26638.0,26637.966666666667,0.2560382247043703
26638.0,26638.0,26638.0,0.0
