-1.0,25991.0,17965.2,10563.207882078246
-1.0,25991.0,21723.433333333334,9142.727006327059
-1.0,25991.0,21428.7,9598.787264198185
-1.0,25993.0,22486.566666666666,8820.828701368646

25991.0,25993.0,25991.066666666666,0.3590110926601226
25991.0,25993.0,25991.333333333332,0.6992058779421411
25991.0,25995.0,25992.15,1.1228683197050386
25991.0,25995.0,25993.25,1.0267261926209696

-1.0,26134.0,21708.233333333334,9708.86581492515
-1.0,26134.0,24363.8,6512.000961814023
26134.0,26134.0,26134.0,0.0
26134.0,26134.0,26134.0,0.0

-1.0,26283.0,22682.45,8897.410270082333
-1.0,26283.0,19662.333333333332,11352.811864125217
-1.0,26284.0,22318.05,9376.022615204882
26283.0,26284.0,26283.116666666665,0.32102292061613463

-1.0,31378.0,26399.016666666666,7444.565602934055
-1.0,31379.0,29635.633333333335,5743.212213754786
26284.0,31379.0,31293.066666666666,652.125010169784
31378.0,31379.0,31378.116666666665,0.32102273494508693

31377.0,31380.0,31378.666666666668,0.9249623858046896
31378.0,31381.0,31379.383333333335,0.8183654930596187
31378.0,31382.0,31379.983333333334,0.8060534836556994
31379.0,31382.0,31380.616666666665,0.8183656387271474

31379.0,31383.0,31381.466666666667,0.7180219362834201
31381.0,31383.0,31382.016666666666,0.3869395540824029
31382.0,31383.0,31382.216666666667,0.4119735421601762
31381.0,31383.0,31382.5,0.5322906175616751

31381.0,31386.0,31383.216666666667,0.9145429603743278
30385.0,31386.0,31367.166666666668,127.8693560713966
31383.0,31386.0,31384.45,0.8836477598755174
31384.0,31386.0,31385.316666666666,0.7635807851335115

31385.0,31386.0,31385.883333333335,0.3210225492739318
31386.0,31386.0,31386.0,0.0
31386.0,31386.0,31386.0,0.0
31386.0,31386.0,31386.0,0.0

31386.0,31386.0,31386.0,0.0
31386.0,31386.0,31386.0,0.0
31382.0,31386.0,31385.8,0.8717797832384374
31385.0,31386.0,31385.966666666667,0.1795052972931067

31386.0,31386.0,31386.0,0.0
31386.0,31388.0,31386.033333333333,0.2560382247043703
31386.0,31388.0,31386.066666666666,0.359010926635563
31386.0,31388.0,31386.233333333334,0.6420452842190456

31386.0,31388.0,31386.7,0.9539391214391563
31386.0,31388.0,31387.366666666665,0.9303524300152816
31386.0,31388.0,31387.933333333334,0.359010926635563
31384.0,31388.0,31387.916666666668,0.5257270048139987

31386.0,31391.0,31388.266666666666,0.6289321230666389
31387.0,31391.0,31388.75,0.7444237198087879
-1.0,31391.0,30866.116666666665,4018.5563871107956
31387.0,31392.0,31389.95,1.1891873568575213

31389.0,31392.0,31391.083333333332,0.9361565182392556
31390.0,31392.0,31391.75,0.536190286970827
31391.0,31392.0,31391.983333333334,0.12801911235218516
31390.0,31392.0,31391.966666666667,0.2560379919083808

-1.0,31392.0,30345.566666666666,5635.21595967912
31392.0,31392.0,31392.0,0.0
31392.0,31392.0,31392.0,0.0
31392.0,31392.0,31392.0,0.0

31392.0,31392.0,31392.0,0.0
31392.0,31392.0,31392.0,0.0
31392.0,31392.0,31392.0,0.0
31391.0,31392.0,31391.966666666667,0.1795052972931067

31392.0,31392.0,31392.0,0.0
31390.0,31392.0,31391.9,0.4358896865055193
31391.0,31392.0,31391.966666666667,0.1795052972931067
31392.0,31392.0,31392.0,0.0

31392.0,31393.0,31392.016666666666,0.12801911235218516
31392.0,31393.0,31392.033333333333,0.1795056293423027
31391.0,31393.0,31392.116666666665,0.36930883702546646
31390.0,31394.0,31392.333333333332,0.6992059631883368

31392.0,31394.0,31392.866666666665,0.49888773228191
31393.0,31394.0,31393.25,0.4330127018922193
31393.0,31394.0,31393.583333333332,0.49300667545836413
31393.0,31394.0,31393.983333333334,0.12801864675957114

31394.0,31394.0,31394.0,0.0
-1.0,31394.0,30347.5,5635.574970666258
31393.0,31394.0,31393.966666666667,0.1795056293423027
31394.0,31394.0,31394.0,0.0

31394.0,31394.0,31394.0,0.0
-1.0,31394.0,30870.75,4019.1595125722492
31391.0,31394.0,31393.95,0.38405718185926835
31393.0,31395.0,31393.983333333334,0.2229847408941492

31394.0,31395.0,31394.05,0.21794525347986887
-1.0,31395.0,28777.883333333335,8677.159815845398
31394.0,31395.0,31394.5,0.5
31392.0,31396.0,31394.683333333334,0.6950220079848205

31394.0,31396.0,31395.333333333332,0.5055251029674239
31395.0,31397.0,31395.816666666666,0.46517624704100835
31395.0,31397.0,31396.083333333332,0.33124350055580176
31396.0,31397.0,31396.3,0.4582576111173416

31395.0,31397.0,31396.466666666667,0.5906681589978887
-1.0,31397.0,30350.3,5636.094925566825
31397.0,31397.0,31397.0,0.0
31397.0,31397.0,31397.0,0.0

31397.0,31397.0,31397.0,0.0
-1.0,31397.0,30350.366666666665,5636.107303114659
31397.0,31397.0,31397.0,0.0
31394.0,31397.0,31396.95,0.3840573370565555

-1.0,31397.0,30350.4,5636.113487146962
31396.0,31397.0,31396.983333333334,0.12801911235218516
31397.0,31397.0,31397.0,0.0
31397.0,31397.0,31397.0,0.0

31397.0,31397.0,31397.0,0.0
31397.0,31397.0,31397.0,0.0
31396.0,31397.0,31396.983333333334,0.12801911235218516
31396.0,31397.0,31396.983333333334,0.12801911235218516

31397.0,31397.0,31397.0,0.0
31397.0,31397.0,31397.0,0.0
31397.0,31397.0,31397.0,0.0
31397.0,31397.0,31397.0,0.0

31397.0,31397.0,31397.0,0.0
31397.0,31397.0,31397.0,0.0
31394.0,31397.0,31396.95,0.3840573370565555
31397.0,31397.0,31397.0,0.0

31397.0,31397.0,31397.0,0.0
31397.0,31397.0,31397.0,0.0
31397.0,31397.0,31397.0,0.0
31397.0,31397.0,31397.0,0.0
