-1.0,26041.0,16557.45,10896.37326120485
-1.0,26041.0,21565.816666666666,9095.140917896158
-1.0,26041.0,24458.983333333334,5620.152096078495
-1.0,26245.0,25061.166666666668,4659.5868528109695

25676.0,26245.0,26055.25,78.19561475347972
26035.0,26245.0,26115.7,97.15834155305292
26032.0,26245.0,26202.4,79.0160743130323
26242.0,26245.0,26244.683333333334,0.8658649566451209

26245.0,26245.0,26245.0,0.0
26245.0,26246.0,26245.016666666666,0.12801911235218516
26245.0,26246.0,26245.033333333333,0.1795056293423027
26145.0,26247.0,26243.45,12.826307597806613

-1.0,29425.0,23261.2,9865.807712836622
-1.0,29425.0,26244.366666666665,8009.209103622883
28368.0,29456.0,29363.783333333333,225.0425953510105
29412.0,29456.0,29420.683333333334,12.06992359213834

29412.0,29467.0,29431.666666666668,14.742983264399468
29412.0,29467.0,29442.916666666668,12.292669452021414
29441.0,29467.0,29454.883333333335,6.628452975635574
29441.0,29478.0,29461.333333333332,6.523461941427711

29414.0,29478.0,29465.716666666667,7.761210524301501
29465.0,29478.0,29469.516666666666,4.738113777742127
29466.0,29480.0,29473.616666666665,5.35752327294931
29467.0,29480.0,29477.5,3.0903074203574445

29414.0,29480.0,29477.95,8.383366469595195
29478.0,29480.0,29479.9,0.4358898232479963
29479.0,29480.0,29479.966666666667,0.1795056293423027
29480.0,29480.0,29480.0,0.0

29480.0,29480.0,29480.0,0.0
29480.0,29480.0,29480.0,0.0
29480.0,29480.0,29480.0,0.0
29480.0,29480.0,29480.0,0.0

29480.0,29483.0,29480.633333333335,0.9655165083593489
29479.0,29483.0,29481.133333333335,1.146976657696431
29479.0,29483.0,29481.966666666667,1.0159834009301412
29481.0,29485.0,29482.75,0.6739188755125461

29482.0,29485.0,29483.533333333333,0.8055364334277679
29483.0,29486.0,29484.316666666666,0.7851043987708255
29484.0,29486.0,29484.95,0.4974936610445816
29483.0,29487.0,29485.316666666666,0.741432609129731

29484.0,29487.0,29485.8,0.5416025221575748
29485.0,29488.0,29486.1,0.43588995999043034
29485.0,29488.0,29486.316666666666,0.5913732038207384
29486.0,29488.0,29486.783333333333,0.6853628753919898

29486.0,29488.0,29487.4,0.6633249113452392
29487.0,29488.0,29487.833333333332,0.3726780851033127
29488.0,29488.0,29488.0,0.0
29483.0,29488.0,29487.833333333332,0.8975274826134901

29487.0,29488.0,29487.983333333334,0.12801911235218516
29388.0,29488.0,29486.316666666666,12.800379770389517
29487.0,29489.0,29488.0,0.1825740987768787
29488.0,29489.0,29488.05,0.21794497999521517

29488.0,29489.0,29488.433333333334,0.49553558909293105
29488.0,29489.0,29488.883333333335,0.3210225492739318
29489.0,29489.0,29489.0,0.0
29489.0,29489.0,29489.0,0.0

29489.0,29489.0,29489.0,0.0
29488.0,29489.0,29488.966666666667,0.1795056293423027
29489.0,29489.0,29489.0,0.0
29489.0,29489.0,29489.0,0.0

29489.0,29491.0,29489.65,0.8331666461812054
29489.0,29491.0,29490.516666666666,0.6706133685209851
29490.0,29491.0,29490.966666666667,0.1795056293423027
29491.0,29491.0,29491.0,0.0

29490.0,29491.0,29490.966666666667,0.1795056293423027
29490.0,29491.0,29490.983333333334,0.12801911235218516
29391.0,29492.0,29489.35,12.804719185920877
29491.0,29492.0,29491.1,0.30000005563099663

29392.0,29492.0,29481.233333333334,29.748594737723085
29491.0,29492.0,29491.5,0.5
29491.0,29492.0,29491.916666666668,0.27638530334839156
29492.0,29492.0,29492.0,0.0

29492.0,29492.0,29492.0,0.0
29492.0,29492.0,29492.0,0.0
29492.0,29492.0,29492.0,0.0
29492.0,29492.0,29492.0,0.0

29488.0,29492.0,29491.933333333334,0.5120763330107856
29491.0,29492.0,29491.983333333334,0.12801911235218516
29392.0,29492.0,29490.3,12.798828073772569
29490.0,29492.0,29491.966666666667,0.2560379919083808

29492.0,29492.0,29492.0,0.0
29392.0,29492.0,29488.666666666668,17.95054935674607
29491.0,29492.0,29491.933333333334,0.24944362719070842
29492.0,29492.0,29492.0,0.0

29492.0,29492.0,29492.0,0.0
29491.0,29492.0,29491.983333333334,0.12801911235218516
29492.0,29492.0,29492.0,0.0
29491.0,29492.0,29491.983333333334,0.12801911235218516

29492.0,29493.0,29492.316666666666,0.46517624704100835
29491.0,29493.0,29492.783333333333,0.4861984386417452
29492.0,29493.0,29492.983333333334,0.12801911235218516
29493.0,29493.0,29493.0,0.0

29492.0,29493.0,29492.966666666667,0.1795056293423027
29493.0,29493.0,29493.0,0.0
29493.0,29493.0,29493.0,0.0
29493.0,29493.0,29493.0,0.0

29493.0,29493.0,29493.0,0.0
29493.0,29493.0,29493.0,0.0
29392.0,29493.0,29491.316666666666,12.929928674206122
29492.0,29493.0,29492.966666666667,0.1795056293423027

29493.0,29493.0,29493.0,0.0
29493.0,29493.0,29493.0,0.0
29493.0,29493.0,29493.0,0.0
29493.0,29493.0,29493.0,0.0

29493.0,29493.0,29493.0,0.0
29493.0,29493.0,29493.0,0.0
29392.0,29493.0,29489.483333333334,18.11398324270422
29493.0,29493.0,29493.0,0.0

29493.0,29493.0,29493.0,0.0
29492.0,29493.0,29492.95,0.21794497999521517
29493.0,29493.0,29493.0,0.0
29493.0,29493.0,29493.0,0.0

29492.0,29493.0,29492.933333333334,0.24944362719070842
29492.0,29493.0,29492.966666666667,0.1795056293423027
29493.0,29493.0,29493.0,0.0
29493.0,29493.0,29493.0,0.0

29493.0,29493.0,29493.0,0.0
29492.0,29493.0,29492.983333333334,0.12801911235218516
29490.0,29493.0,29492.95,0.3840573370565555
29393.0,29493.0,29491.333333333332,12.801909582367635
