-1.0,25715.0,15991.466666666667,11470.83212829634
-1.0,25715.0,19564.933333333334,10453.465627670512
-1.0,25715.0,17068.416666666668,12070.176549788139
-1.0,25715.0,23929.95,6396.528596108464

-1.0,25820.0,24446.516666666666,5608.905325437602
-1.0,25820.0,24057.4,6430.041425994073
-1.0,25820.0,24937.183333333334,4631.378198375608
25424.0,25820.0,25798.4,73.31034488144539

25820.0,25840.0,25821.0,4.358898943540674
25819.0,25840.0,25823.633333333335,7.756645890921045
25820.0,25840.0,25830.333333333332,9.994442903689844
25820.0,25840.0,25838.0,6.0

-1.0,49377.0,30795.3,13301.001623060827
-1.0,49377.0,38564.1,16277.41254796556
25840.0,49377.0,48984.416666666664,3013.1470165021997
-1.0,49378.0,48554.05,6321.329083415381

49377.0,49398.0,49383.7,9.550392689046044
49377.0,49398.0,49391.816666666666,8.745459141267727
49377.0,49398.0,49397.65,2.6884010046592803
49397.0,49398.0,49397.96666666667,0.1795056293423027

49398.0,49398.0,49398.0,0.0
-1.0,49398.0,47751.36666666667,8867.391876921212
49398.0,49398.0,49398.0,0.0
49398.0,49398.0,49398.0,0.0

49398.0,49398.0,49398.0,0.0
49396.0,49398.0,49397.96666666667,0.2560382247043703
-1.0,49398.0,48574.683333333334,6324.015313316011
49395.0,49398.0,49397.88333333333,0.5505050074655351

-1.0,50376.0,48867.21666666667,6377.708533351833
-1.0,50376.0,48434.7,9004.54217659068
49398.0,50376.0,50342.8,175.44902393475056
50373.0,50376.0,50375.95,0.3840579578450769

50376.0,50380.0,50377.26666666667,1.860704731897084
50373.0,50383.0,50378.6,2.2449944235683588
50376.0,50383.0,50380.183333333334,0.9914915993508225
50380.0,50383.0,50380.8,1.3266498226904784

50380.0,50383.0,50381.86666666667,1.334998799298493
50382.0,50383.0,50382.96666666667,0.17950430114183327
50383.0,50383.0,50383.0,0.0
50381.0,50383.0,50382.96666666667,0.2560372935191423

50383.0,50383.0,50383.0,0.0
50383.0,50383.0,50383.0,0.0
50383.0,50383.0,50383.0,0.0
50383.0,50383.0,50383.0,0.0

50382.0,50383.0,50382.96666666667,0.17950430114183327
50383.0,50383.0,50383.0,0.0
50383.0,50383.0,50383.0,0.0
50383.0,50383.0,50383.0,0.0

50383.0,50385.0,50383.5,0.8465616920554642
50383.0,50385.0,50384.21666666667,0.9502924117750269
50383.0,50385.0,50384.916666666664,0.37822733353436994
50385.0,50385.0,50385.0,0.0

50385.0,50385.0,50385.0,0.0
50385.0,50385.0,50385.0,0.0
50385.0,50385.0,50385.0,0.0
50385.0,50385.0,50385.0,0.0

50385.0,50385.0,50385.0,0.0
50385.0,50385.0,50385.0,0.0
50384.0,50385.0,50384.98333333333,0.1280209747057083
50384.0,50385.0,50384.96666666667,0.1795056293423027

50385.0,50386.0,50385.28333333333,0.45061666832786196
50384.0,50386.0,50385.6,0.5537750906674127
50385.0,50386.0,50385.95,0.21794525347986887
50386.0,50386.0,50386.0,0.0

50386.0,50387.0,50386.23333333333,0.4229530406524677
50386.0,50387.0,50386.63333333333,0.4818947572529412
50386.0,50388.0,50387.066666666666,0.3091209833028409
50384.0,50388.0,50387.25,0.766485548048645

50387.0,50388.0,50387.566666666666,0.49553594994263217
50387.0,50389.0,50387.95,0.33788568570269917
-1.0,50389.0,47868.61666666667,10982.04324354331
-1.0,50389.0,47868.71666666667,10982.066185516087

-1.0,50389.0,48708.833333333336,9045.188986724123
-1.0,50389.0,49549.1,6450.873562807858
50389.0,50389.0,50389.0,0.0
50389.0,50389.0,50389.0,0.0

-1.0,50391.0,48709.38333333333,9045.291113965823
50389.0,50391.0,50389.23333333333,0.5587687184998152
50388.0,50391.0,50389.683333333334,0.7635807070741247
50388.0,50391.0,50390.36666666667,0.6315762724736104

-1.0,50391.0,49551.066666666666,6451.129600999277
50391.0,50391.0,50391.0,0.0
50391.0,50391.0,50391.0,0.0
50388.0,50391.0,50390.9,0.5385164452948743

50391.0,50391.0,50391.0,0.0
50391.0,50391.0,50391.0,0.0
-1.0,50391.0,48711.23333333333,9045.634645814298
50389.0,50391.0,50390.96666666667,0.2560382247043703

-1.0,50391.0,49551.13333333333,6451.13827544327
50389.0,50391.0,50390.9,0.43588995999043034
50388.0,50391.0,50390.95,0.3840579578450769
50391.0,50391.0,50391.0,0.0

50391.0,50391.0,50391.0,0.0
50391.0,50391.0,50391.0,0.0
50389.0,50391.0,50390.95,0.2843122140510213
50391.0,50391.0,50391.0,0.0

50391.0,50391.0,50391.0,0.0
-1.0,50391.0,49551.11666666667,6451.136106897893
50391.0,50391.0,50391.0,0.0
50391.0,50391.0,50391.0,0.0

50390.0,50391.0,50390.98333333333,0.1280209747057083
50391.0,50391.0,50391.0,0.0
50391.0,50391.0,50391.0,0.0
50391.0,50391.0,50391.0,0.0

50387.0,50391.0,50390.9,0.568624008811813
50391.0,50391.0,50391.0,0.0
50389.0,50391.0,50390.9,0.43588995999043034
50390.0,50391.0,50390.98333333333,0.1280209747057083

50391.0,50391.0,50391.0,0.0
50391.0,50391.0,50391.0,0.0
50389.0,50391.0,50390.916666666664,0.37822733353436994
50391.0,50391.0,50391.0,0.0

50390.0,50391.0,50390.98333333333,0.1280209747057083
50389.0,50391.0,50390.9,0.43588995999043034
-1.0,50391.0,49551.13333333333,6451.13827544327
50391.0,50391.0,50391.0,0.0

50389.0,50391.0,50390.96666666667,0.2560382247043703
50391.0,50391.0,50391.0,0.0
50391.0,50391.0,50391.0,0.0
50390.0,50391.0,50390.98333333333,0.1280209747057083
