-1.0,31270.0,16676.5,11179.287668869309
-1.0,31270.0,20807.35,9979.214768415737
-1.0,31270.0,23333.883333333335,7843.592586928658
-1.0,42411.0,24313.05,7737.2192602273635

25586.0,42411.0,27962.383333333335,4383.622121380395
-1.0,43417.0,26277.466666666667,13919.82533590929
-1.0,46319.0,32156.166666666668,14798.122240300921
-1.0,47407.0,39305.083333333336,10054.145644611253

-1.0,48340.0,40783.333333333336,11008.008417612244
-1.0,48340.0,39995.316666666666,14627.012209711716
-1.0,48340.0,43613.28333333333,11716.652204009572
-1.0,49349.0,46837.63333333333,6132.998692773028

-1.0,49350.0,41765.0,16390.152563861833
-1.0,49389.0,47008.566666666666,8744.029197813912
-1.0,49389.0,48163.46666666667,6288.68971902909
48355.0,49398.0,49340.566666666666,129.2038914100354

-1.0,49399.0,46892.25,10758.834473158944
-1.0,49399.0,48550.78333333333,6322.157559176723
-1.0,49399.0,48574.36666666667,6323.974554467704
49392.0,49400.0,49398.85,0.9278112118674485

49399.0,49404.0,49400.76666666667,2.3760377724724453
49399.0,49404.0,49402.683333333334,2.1870197313881183
49399.0,49404.0,49403.916666666664,0.6400955617609257
49404.0,49404.0,49404.0,0.0

49404.0,49411.0,49406.916666666664,3.45104655549386
49404.0,49412.0,49409.76666666667,2.7408432668071163
49411.0,49412.0,49411.183333333334,0.3869394000411424
49411.0,50412.0,49444.816666666666,179.60210574764565

49411.0,50412.0,49531.85,319.9187826623385
49411.0,50426.0,49735.833333333336,462.30892148965853
49414.0,50426.0,50053.48333333333,477.9198151603072
49425.0,50427.0,50320.35,298.23267342791576

50414.0,50427.0,50425.03333333333,3.3314995648943304
50426.0,50427.0,50426.1,0.3000002543130432
-1.0,50427.0,48745.5,9051.997815399638
50426.0,50427.0,50426.85,0.35707216925660445

50426.0,50429.0,50427.416666666664,0.556527109450624
50426.0,50429.0,50427.86666666667,0.5617433333024662
50428.0,50429.0,50428.316666666666,0.4651765033078695
50427.0,50429.0,50428.55,0.5299365693048295

50428.0,50429.0,50428.96666666667,0.1795056293423027
50429.0,50429.0,50429.0,0.0
50429.0,50429.0,50429.0,0.0
50429.0,50429.0,50429.0,0.0

49429.0,50430.0,50395.88333333333,179.5461956964413
50429.0,50430.0,50429.61666666667,0.4861981934551915
50429.0,50430.0,50429.933333333334,0.24944338824023293
50430.0,50430.0,50430.0,0.0

50429.0,50431.0,50430.01666666667,0.2229847408941492
50430.0,50431.0,50430.13333333333,0.33993493972321953
50430.0,50431.0,50430.5,0.5
50430.0,50431.0,50430.933333333334,0.24944338824023293

50430.0,50432.0,50431.0,0.25819876662830693
50430.0,50432.0,50431.1,0.35118863041402704
50430.0,50432.0,50431.46666666667,0.5617433333024662
50431.0,50432.0,50431.96666666667,0.1795056293423027

50431.0,50432.0,50431.88333333333,0.3210232919579079
50431.0,50433.0,50431.98333333333,0.2881943320972474
50429.0,50433.0,50431.96666666667,0.6574362070444614
50431.0,50434.0,50432.38333333333,0.57999098409025

50432.0,50434.0,50432.8,0.5416023020527767
50432.0,50434.0,50433.15,0.5423712427308497
50433.0,50434.0,50433.5,0.5
50433.0,50434.0,50433.86666666667,0.3399342383571721

50433.0,50436.0,50434.416666666664,0.6135055229106301
50433.0,50437.0,50434.95,0.7170546065728698
50435.0,50437.0,50435.45,0.5894915811521548
50435.0,50437.0,50435.916666666664,0.6656242406419891

50435.0,50437.0,50436.38333333333,0.5799905730171986
50436.0,50437.0,50436.85,0.35707216925660445
50437.0,50437.0,50437.0,0.0
50434.0,50437.0,50436.9,0.5385164452948743

50437.0,50437.0,50437.0,0.0
50435.0,50437.0,50436.933333333334,0.3590105945862134
50437.0,50437.0,50437.0,0.0
50437.0,50437.0,50437.0,0.0

50437.0,50437.0,50437.0,0.0
50437.0,50437.0,50437.0,0.0
50437.0,50437.0,50437.0,0.0
50437.0,50437.0,50437.0,0.0

50437.0,50437.0,50437.0,0.0
50437.0,50437.0,50437.0,0.0
50437.0,50437.0,50437.0,0.0
50437.0,50437.0,50437.0,0.0

50433.0,50437.0,50436.86666666667,0.718021853271126
50437.0,50437.0,50437.0,0.0
50437.0,50437.0,50437.0,0.0
50436.0,50437.0,50436.98333333333,0.1280209747057083

50436.0,50437.0,50436.98333333333,0.1280209747057083
50437.0,50437.0,50437.0,0.0
50437.0,50437.0,50437.0,0.0
50437.0,50437.0,50437.0,0.0

50436.0,50439.0,50437.65,0.9456037592850266
50437.0,50439.0,50438.51666666667,0.8060534097094306
50438.0,50439.0,50438.98333333333,0.1280209747057083
50439.0,50439.0,50439.0,0.0

50439.0,50439.0,50439.0,0.0
50437.0,50439.0,50438.933333333334,0.3590112586846054
50439.0,50439.0,50439.0,0.0
50439.0,50439.0,50439.0,0.0

50439.0,50439.0,50439.0,0.0
50439.0,50439.0,50439.0,0.0
50439.0,50439.0,50439.0,0.0
50439.0,50439.0,50439.0,0.0

50439.0,50439.0,50439.0,0.0
50438.0,50439.0,50438.98333333333,0.1280209747057083
50439.0,50439.0,50439.0,0.0
50439.0,50439.0,50439.0,0.0

50439.0,50441.0,50439.86666666667,0.9213513972512316
50438.0,50441.0,50440.65,0.7488878269106274
50441.0,50441.0,50441.0,0.0
50441.0,50441.0,50441.0,0.0

50439.0,50441.0,50440.933333333334,0.3091202120226968
50441.0,50441.0,50441.0,0.0
50440.0,50441.0,50440.96666666667,0.1795056293423027
50441.0,50441.0,50441.0,0.0

50439.0,50441.0,50440.96666666667,0.2560382247043703
49439.0,50441.0,50407.583333333336,179.86145516880205
50439.0,50441.0,50440.933333333334,0.3091202120226968
50440.0,50441.0,50440.98333333333,0.1280209747057083
