-1.0,25935.0,16380.216666666667,11259.775958534383
-1.0,25935.0,21079.466666666667,9418.340753492032
-1.0,26001.0,24121.266666666666,6448.197693585056
25591.0,26231.0,25943.45,83.88413139571932

25909.0,26231.0,25994.266666666666,99.70253535163437
25907.0,26231.0,26098.116666666665,123.60732066646575
26001.0,26231.0,26207.266666666666,52.491226780226114
26229.0,26232.0,26230.45,0.8046738706749292

26229.0,26232.0,26231.033333333333,0.5153208905075375
26231.0,26232.0,26231.433333333334,0.49553558909293105
26230.0,26232.0,26231.8,0.4396967911704478
26232.0,26232.0,26232.0,0.0

26136.0,26248.0,26231.0,18.06654366435811
26053.0,26323.0,26223.383333333335,44.80665563170159
26232.0,26323.0,26245.216666666667,14.971185287007032
26154.0,26350.0,26257.766666666666,35.53513128777305

26155.0,26350.0,26274.3,44.42570577172466
26145.0,26354.0,26300.483333333334,56.99137117926825
26245.0,26354.0,26336.333333333332,27.312797162863948
26344.0,26354.0,26348.2,3.506185005387971

26257.0,26357.0,26347.516666666666,16.178681103302438
26246.0,26357.0,26347.483333333334,21.823910179981485
26348.0,26357.0,26354.016666666666,1.9191288440481733
26352.0,26357.0,26355.6,1.5726835275966802

26354.0,26357.0,26356.483333333334,1.117909764853741
26354.0,26358.0,26356.966666666667,0.40688509083319085
26355.0,26358.0,26357.016666666666,0.3869395540824029
26357.0,26358.0,26357.166666666668,0.3726779251672715

26267.0,26363.0,26357.716666666667,12.125856211998142
26357.0,26363.0,26360.983333333334,2.572234203520358
26358.0,26363.0,26362.8,0.9092121384808527
26265.0,26364.0,26361.383333333335,12.548694041682436

26363.0,26365.0,26363.666666666668,0.9249624502447615
26363.0,26365.0,26364.516666666666,0.8463975552905784
26365.0,26365.0,26365.0,0.0
26365.0,26365.0,26365.0,0.0

26364.0,26365.0,26364.983333333334,0.12801864675957114
26365.0,26365.0,26365.0,0.0
26365.0,26365.0,26365.0,0.0
26365.0,26365.0,26365.0,0.0

26363.0,26365.0,26364.933333333334,0.359010926635563
26364.0,26365.0,26364.983333333334,0.12801864675957114
26365.0,26365.0,26365.0,0.0
26364.0,26365.0,26364.933333333334,0.249443866140955

26365.0,26462.0,26386.033333333333,39.952875017943825
26365.0,26462.0,26428.05,46.26605126887646
26365.0,26462.0,26455.533333333333,24.19605110132428
26462.0,26462.0,26462.0,0.0

26462.0,26462.0,26462.0,0.0
26462.0,26462.0,26462.0,0.0
26362.0,26462.0,26460.333333333332,12.801909582367635
26461.0,26463.0,26461.983333333334,0.28819350481199313

26462.0,26463.0,26462.116666666665,0.32102292061613463
26462.0,26463.0,26462.4,0.4898978366225489
26462.0,26463.0,26462.683333333334,0.4651761189075248
26462.0,26463.0,26462.983333333334,0.12801911235218516

26463.0,26463.0,26463.0,0.0
26463.0,26463.0,26463.0,0.0
26363.0,26463.0,26461.333333333332,12.801909582367635
26463.0,26463.0,26463.0,0.0

26462.0,26464.0,26463.0,0.1825740987768787
26463.0,26464.0,26463.066666666666,0.2494441050909727
26462.0,26464.0,26463.216666666667,0.4506168006013445
26463.0,26464.0,26463.616666666665,0.48619856123497573

26463.0,26466.0,26464.633333333335,1.0322574549503027
26464.0,26466.0,26465.8,0.5416025221575748
26465.0,26466.0,26465.983333333334,0.12801911235218516
26466.0,26466.0,26466.0,0.0

26466.0,26468.0,26466.4,0.5537748754007553
26466.0,26468.0,26466.866666666665,0.6182412917360293
26466.0,26468.0,26467.3,0.49328829267595853
26466.0,26468.0,26467.683333333334,0.4997220458875685

26467.0,26468.0,26467.983333333334,0.12801911235218516
26468.0,26468.0,26468.0,0.0
26468.0,26468.0,26468.0,0.0
26467.0,26468.0,26467.966666666667,0.1795052972931067

26467.0,26468.0,26467.966666666667,0.1795052972931067
26366.0,26468.0,26466.266666666666,13.056118191044131
26468.0,26468.0,26468.0,0.0
26468.0,26468.0,26468.0,0.0

26468.0,26469.0,26468.166666666668,0.3726779251672715
26468.0,26469.0,26468.533333333333,0.49888773228191
26369.0,26469.0,26465.583333333332,17.938126685994835
26469.0,26469.0,26469.0,0.0

26469.0,26469.0,26469.0,0.0
26469.0,26469.0,26469.0,0.0
26368.0,26469.0,26463.95,22.012439662497563
26368.0,26469.0,26467.233333333334,12.922031143333681

26469.0,26469.0,26469.0,0.0
26469.0,26469.0,26469.0,0.0
26469.0,26469.0,26469.0,0.0
26369.0,26469.0,26460.666666666668,27.638539918669853

26468.0,26470.0,26469.183333333334,0.4651761189075248
26469.0,26470.0,26469.566666666666,0.49553570937619396
26468.0,26470.0,26469.9,0.3511882909686782
26470.0,26470.0,26470.0,0.0

26468.0,26470.0,26469.933333333334,0.359010926635563
26470.0,26470.0,26470.0,0.0
26470.0,26470.0,26470.0,0.0
26470.0,26471.0,26470.033333333333,0.1795056293423027

26368.0,26471.0,26468.333333333332,13.067346923906559
26470.0,26471.0,26470.166666666668,0.3726779251672715
26369.0,26471.0,26461.916666666668,28.019214636315326
26468.0,26471.0,26470.6,0.5830953203275522

26470.0,26471.0,26470.9,0.2999998569488184
26471.0,26471.0,26471.0,0.0
26470.0,26471.0,26470.983333333334,0.12801911235218516
26469.0,26471.0,26470.966666666667,0.2560382247043703

26471.0,26471.0,26471.0,0.0
26471.0,26471.0,26471.0,0.0
26471.0,26471.0,26471.0,0.0
26371.0,26471.0,26469.283333333333,12.797254484556097

26471.0,26471.0,26471.0,0.0
26471.0,26471.0,26471.0,0.0
26471.0,26471.0,26471.0,0.0
26469.0,26471.0,26470.966666666667,0.2560382247043703

26471.0,26471.0,26471.0,0.0
26469.0,26471.0,26470.9,0.4358898232479963
26471.0,26471.0,26471.0,0.0
26471.0,26471.0,26471.0,0.0
