-1.0,26165.0,16878.683333333334,10415.958223629206
-1.0,30293.0,18484.016666666666,10911.640247142295
-1.0,30293.0,20775.45,10490.54897582422
-1.0,30293.0,23337.316666666666,9275.955444933368

-1.0,38240.0,26809.016666666666,6579.451054841554
-1.0,38241.0,29790.3,6283.439430492404
-1.0,38241.0,31938.183333333334,5437.650072999259
-1.0,38241.0,33586.583333333336,7313.771159695154

-1.0,41391.0,32813.51666666667,14027.067111471379
-1.0,41391.0,37632.26666666667,10160.48636445235
-1.0,41391.0,40632.1,5315.900057688576
41391.0,41391.0,41391.0,0.0

41391.0,42384.0,41818.416666666664,488.3536045283381
41391.0,42384.0,42132.98333333333,428.1037448905607
41391.0,42384.0,42349.416666666664,176.81179180859687
42384.0,42384.0,42384.0,0.0

41381.0,42386.0,42367.65,128.45321132599938
42384.0,42386.0,42384.76666666667,0.9723966320969676
42383.0,42386.0,42385.45,1.0234745397489888
42385.0,42386.0,42385.96666666667,0.17950496524329645

42385.0,42386.0,42385.98333333333,0.1280209747057083
42386.0,42386.0,42386.0,0.0
42385.0,42386.0,42385.98333333333,0.1280209747057083
42386.0,42387.0,42386.05,0.2179447065102183

42386.0,42421.0,42398.36666666667,16.02494582466097
42386.0,42421.0,42413.3,12.586103432317467
42407.0,42421.0,42420.76666666667,1.7922672403650133
42421.0,42421.0,42421.0,0.0

42421.0,42421.0,42421.0,0.0
42421.0,42421.0,42421.0,0.0
42421.0,42422.0,42421.03333333333,0.1795056293423027
42421.0,42422.0,42421.11666666667,0.32102217793129945

42421.0,42422.0,42421.333333333336,0.4714043803015157
42421.0,42422.0,42421.73333333333,0.44221705685021095
42422.0,42422.0,42422.0,0.0
42422.0,42422.0,42422.0,0.0

42421.0,42424.0,42422.333333333336,0.5374836675247304
42421.0,42424.0,42422.8,0.5416025221575748
42422.0,42424.0,42423.183333333334,0.465175990774006
42423.0,42424.0,42423.583333333336,0.49300643365774616

42423.0,42426.0,42424.25,0.6487166941183996
42423.0,42427.0,42424.8,0.7916227295043516
42425.0,42427.0,42425.51666666667,0.618914541850105
42425.0,42428.0,42426.066666666666,0.6798693534222426

42426.0,42428.0,42426.61666666667,0.5799901619438559
42426.0,42428.0,42427.0,0.4830459079920927
42426.0,42428.0,42427.316666666666,0.5320296456961173
42426.0,42428.0,42427.7,0.4932885343384146

42426.0,42428.0,42427.833333333336,0.5527706066967831
42428.0,42428.0,42428.0,0.0
42428.0,42428.0,42428.0,0.0
42428.0,42428.0,42428.0,0.0

42426.0,42428.0,42427.96666666667,0.2560382247043703
42428.0,42428.0,42428.0,0.0
42428.0,42428.0,42428.0,0.0
42428.0,42428.0,42428.0,0.0

42428.0,42428.0,42428.0,0.0
42427.0,42428.0,42427.98333333333,0.1280200435323333
42427.0,42428.0,42427.98333333333,0.1280200435323333
42428.0,42428.0,42428.0,0.0

42426.0,42429.0,42428.28333333333,0.5505050074655351
42428.0,42429.0,42428.61666666667,0.4861981934551915
42428.0,42429.0,42428.96666666667,0.1795056293423027
42429.0,42429.0,42429.0,0.0

42429.0,42430.0,42429.01666666667,0.1280181811652638
42429.0,42430.0,42429.083333333336,0.2763848720324673
42427.0,42430.0,42429.1,0.6244998838303933
42429.0,42430.0,42429.566666666666,0.49553570937619396

42429.0,42430.0,42429.88333333333,0.32102292061613463
42430.0,42430.0,42430.0,0.0
42430.0,42430.0,42430.0,0.0
42429.0,42430.0,42429.96666666667,0.17950496524329645

42430.0,42430.0,42430.0,0.0
42430.0,42430.0,42430.0,0.0
42430.0,42430.0,42430.0,0.0
42430.0,42430.0,42430.0,0.0

42429.0,42430.0,42429.916666666664,0.27638573466364275
42430.0,42431.0,42430.01666666667,0.12801724997156907
42429.0,42431.0,42430.01666666667,0.34115767519056445
42430.0,42431.0,42430.23333333333,0.4229530406524677

42430.0,42431.0,42430.48333333333,0.4997226422651918
42430.0,42431.0,42430.9,0.2999998569488184
42430.0,42431.0,42430.96666666667,0.17950496524329645
42431.0,42431.0,42431.0,0.0

42431.0,42431.0,42431.0,0.0
42431.0,42431.0,42431.0,0.0
42430.0,42431.0,42430.98333333333,0.1280209747057083
42430.0,42431.0,42430.98333333333,0.1280209747057083

42431.0,42431.0,42431.0,0.0
42431.0,42431.0,42431.0,0.0
42431.0,42431.0,42431.0,0.0
42431.0,42431.0,42431.0,0.0

42431.0,42432.0,42431.38333333333,0.4861984386417452
42431.0,42432.0,42431.78333333333,0.4119736868409098
42429.0,42432.0,42431.95,0.3840576474509416
42432.0,42432.0,42432.0,0.0

42432.0,42432.0,42432.0,0.0
42432.0,42432.0,42432.0,0.0
42432.0,42432.0,42432.0,0.0
42431.0,42432.0,42431.98333333333,0.1280200435323333

42432.0,42434.0,42432.63333333333,0.8938059969345976
42432.0,42434.0,42433.4,0.8602323936693875
42433.0,42434.0,42433.96666666667,0.17950496524329645
42433.0,42434.0,42433.98333333333,0.1280200435323333

42434.0,42434.0,42434.0,0.0
42433.0,42435.0,42434.0,0.1825740987768787
42432.0,42435.0,42434.05,0.4974936610445816
42434.0,42435.0,42434.38333333333,0.4861984386417452

42434.0,42435.0,42434.78333333333,0.4119736868409098
42435.0,42435.0,42435.0,0.0
42435.0,42435.0,42435.0,0.0
42435.0,42435.0,42435.0,0.0

42435.0,42435.0,42435.0,0.0
42435.0,42435.0,42435.0,0.0
42434.0,42435.0,42434.98333333333,0.1280200435323333
42432.0,42435.0,42434.9,0.5385162239287209

41433.0,42435.0,42418.3,128.27513398843925
42434.0,42435.0,42434.98333333333,0.1280200435323333
42432.0,42435.0,42434.9,0.5385162239287209
42435.0,42435.0,42435.0,0.0
