-1.0,25716.0,17389.516666666666,10523.4741372034
-1.0,25716.0,19798.466666666667,10144.271233010722
-1.0,25716.0,23014.283333333333,7682.540890642163
-1.0,25716.0,21429.166666666668,9583.862154974659

-1.0,28212.0,24134.716666666667,7337.328144703324
-1.0,45293.0,24819.9,9576.26992744739
-1.0,45293.0,27812.216666666667,11602.810372336044
-1.0,47301.0,36307.46666666667,10862.992616319973

-1.0,47301.0,43129.183333333334,10277.58179160135
-1.0,47301.0,45729.78333333333,5982.029151527283
-1.0,47301.0,43823.4,11723.948737804445
46354.0,47301.0,47269.3,169.96728116477556

-1.0,48310.0,42596.083333333336,14199.609536053753
-1.0,48314.0,43443.933333333334,13102.706330966723
-1.0,48314.0,46704.96666666667,6091.448420987843
-1.0,48321.0,46886.26666666667,6121.686776988463

47310.0,48321.0,47919.26666666667,476.36501644076156
-1.0,48323.0,45024.98333333333,12036.182770424179
-1.0,49309.0,47510.65,6188.168193752232
-1.0,49309.0,47564.4,6196.233329477946

-1.0,49366.0,47138.4,8767.759725646372
-1.0,49367.0,48391.5,6309.823556698444
48325.0,49367.0,49347.816666666666,133.36035038793045
49366.0,49367.0,49366.48333333333,0.4997224037142279

49366.0,49373.0,49368.96666666667,2.469592855928676
49366.0,49373.0,49371.083333333336,1.891134272310399
49372.0,49373.0,49372.23333333333,0.4229530406524677
-1.0,49374.0,47726.85,8862.83926069032

49372.0,49374.0,49373.316666666666,0.5624843171370616
-1.0,49374.0,47727.9,8863.034237212438
49374.0,49374.0,49374.0,0.0
49374.0,49374.0,49374.0,0.0

49374.0,49391.0,49379.38333333333,7.780513406842376
49374.0,49391.0,49387.6,6.499230742784512
49391.0,49391.0,49391.0,0.0
49390.0,49392.0,49391.0,0.1825740987768787

49391.0,49392.0,49391.03333333333,0.1795056293423027
49391.0,49392.0,49391.13333333333,0.33993493972321953
49391.0,49393.0,49391.4,0.5537750906674127
49391.0,49393.0,49391.86666666667,0.5906677553555779

49391.0,49393.0,49392.28333333333,0.5799905730171986
49392.0,49393.0,49392.76666666667,0.42295191325120113
49392.0,49394.0,49393.0,0.25819876662830693
49392.0,49394.0,49393.083333333336,0.33124332061367195

49393.0,49394.0,49393.333333333336,0.4714041274202814
49392.0,49395.0,49393.71666666667,0.5799901619438559
49393.0,49395.0,49394.11666666667,0.41197281875574593
49394.0,49396.0,49394.46666666667,0.5906681589978887

49394.0,49396.0,49394.98333333333,0.6706133685209851
49395.0,49396.0,49395.433333333334,0.49553546880963895
49395.0,49396.0,49395.816666666666,0.3869394000411424
49394.0,49396.0,49395.916666666664,0.37822670317596735

49396.0,49396.0,49396.0,0.0
49396.0,49396.0,49396.0,0.0
49396.0,49396.0,49396.0,0.0
49396.0,49398.0,49396.03333333333,0.2560382247043703

49394.0,49398.0,49396.03333333333,0.44597001639536443
49395.0,49398.0,49396.15,0.653834666500763
49396.0,49398.0,49396.8,0.9626350605320922
49396.0,49398.0,49397.76666666667,0.6155392814639424

49398.0,49399.0,49398.1,0.3000002543130432
49398.0,49399.0,49398.333333333336,0.47140463318261433
49398.0,49399.0,49398.71666666667,0.4506171974215593
49398.0,49399.0,49398.98333333333,0.12801911235218516

49399.0,49401.0,49399.63333333333,0.8938059969345976
49399.0,49401.0,49400.4,0.8602323936693875
49400.0,49401.0,49400.933333333334,0.2494443440407615
49401.0,49401.0,49401.0,0.0

49400.0,49401.0,49400.98333333333,0.1280209747057083
49401.0,49401.0,49401.0,0.0
49401.0,49401.0,49401.0,0.0
49401.0,49401.0,49401.0,0.0

49400.0,49401.0,49400.98333333333,0.1280209747057083
49401.0,49401.0,49401.0,0.0
49401.0,49401.0,49401.0,0.0
49401.0,49401.0,49401.0,0.0

49399.0,49401.0,49400.95,0.2843122140510213
-1.0,49401.0,48577.566666666666,6324.39071206777
49400.0,49401.0,49400.98333333333,0.1280209747057083
49401.0,49401.0,49401.0,0.0

49401.0,49403.0,49401.63333333333,0.9303524940820167
49401.0,49403.0,49402.566666666666,0.8239473736818196
49403.0,49403.0,49403.0,0.0
49403.0,49403.0,49403.0,0.0

49403.0,49403.0,49403.0,0.0
49403.0,49403.0,49403.0,0.0
49403.0,49403.0,49403.0,0.0
49403.0,49403.0,49403.0,0.0

49402.0,49404.0,49402.95,0.33788568570269917
49402.0,49405.0,49403.15,0.5107183797331136
-1.0,49405.0,47756.65,8868.372994007017
49403.0,49405.0,49404.23333333333,0.5587687184998152

49403.0,49405.0,49404.566666666666,0.5280995921507006
49402.0,49405.0,49404.8,0.6782326749057542
49404.0,49405.0,49404.98333333333,0.1280209747057083
49405.0,49405.0,49405.0,0.0

49405.0,49405.0,49405.0,0.0
49405.0,49405.0,49405.0,0.0
49405.0,49405.0,49405.0,0.0
49405.0,49405.0,49405.0,0.0

49403.0,49405.0,49404.96666666667,0.2560382247043703
49401.0,49405.0,49404.933333333334,0.5120764494087406
49405.0,49405.0,49405.0,0.0
49402.0,49405.0,49404.85,0.653834666500763

49405.0,49405.0,49405.0,0.0
49405.0,49405.0,49405.0,0.0
49405.0,49405.0,49405.0,0.0
49403.0,49405.0,49404.933333333334,0.3091209833028409

49403.0,49406.0,49405.166666666664,0.5821418401122508
49403.0,49406.0,49405.36666666667,0.7951237002888206
49405.0,49406.0,49405.933333333334,0.24944338824023293
49406.0,49406.0,49406.0,0.0

-1.0,49407.0,48582.55,6325.0394687174285
49406.0,49407.0,49406.083333333336,0.27638444071586993
49406.0,49407.0,49406.28333333333,0.4506171974215593
49404.0,49407.0,49406.6,0.6633250012026224

49407.0,49407.0,49407.0,0.0
49405.0,49407.0,49406.96666666667,0.2560382247043703
49407.0,49407.0,49407.0,0.0
49407.0,49407.0,49407.0,0.0
