-1.0,25721.0,19507.3,9211.017761897978
-1.0,25721.0,19616.866666666665,10373.3777325528
-1.0,25721.0,18753.233333333334,11309.47342771635
-1.0,25721.0,23484.1,7081.263351737934

-1.0,40320.0,24676.65,8084.113589472869
-1.0,40326.0,28595.416666666668,6551.17462060982
24336.0,40346.0,34296.15,6681.053354636529
-1.0,40369.0,38780.98333333333,6005.329731418241

40320.0,40369.0,40324.9,10.489200783313395
40320.0,40369.0,40334.7,15.335470875555838
40320.0,40375.0,40348.26666666667,15.338260064727091
40346.0,40375.0,40363.36666666667,10.788831660006178

40346.0,40375.0,40370.78333333333,6.258571888237022
40369.0,40375.0,40373.8,2.3999999483426406
40375.0,40375.0,40375.0,0.0
40375.0,40375.0,40375.0,0.0

40375.0,40377.0,40375.03333333333,0.2560382247043703
40375.0,40377.0,40375.166666666664,0.5527710380122025
40375.0,40377.0,40375.566666666666,0.9012337334761426
40375.0,40377.0,40376.46666666667,0.8653837122464154

-1.0,40433.0,34332.4,14422.932660870325
-1.0,40433.0,33674.8,15060.29425321209
40377.0,40433.0,40425.3,18.64251413549169
40400.0,40434.0,40432.5,4.236744038490373

40433.0,40434.0,40433.21666666667,0.4119736868409098
40433.0,41433.0,40600.166666666664,372.4546579415113
40433.0,41433.0,40916.38333333333,498.8071468237138
40434.0,41434.0,41282.71666666667,356.4866099243866

40435.0,41434.0,41399.6,179.12278842625577
41432.0,41434.0,41433.11666666667,0.4119733974793917
41432.0,41434.0,41433.45,0.5299374691045055
41433.0,41435.0,41433.86666666667,0.5312457364977126

-1.0,41435.0,40743.78333333333,5304.518995132567
41434.0,41436.0,41434.88333333333,0.45061693287478827
40435.0,41436.0,41418.45,128.03520674826277
41434.0,41436.0,41435.566666666666,0.5280993664180608

41435.0,41437.0,41435.88333333333,0.4119736868409098
41435.0,41437.0,41436.1,0.35118863041402704
40434.0,41437.0,41419.76666666667,128.3368441068483
41436.0,41437.0,41436.833333333336,0.3726776052949832

41436.0,41439.0,41437.4,0.5537746601340142
41436.0,41439.0,41437.9,0.5066227988443057
-1.0,41439.0,40747.55,5305.009366705505
41437.0,41439.0,41438.683333333334,0.4997221651631501

41438.0,41439.0,41438.95,0.21794580044814674
41439.0,41439.0,41439.0,0.0
41439.0,41439.0,41439.0,0.0
41439.0,41439.0,41439.0,0.0

41438.0,41441.0,41439.416666666664,0.8424503064993795
41439.0,41441.0,41439.933333333334,0.9809293235105057
41437.0,41441.0,41440.65,0.7921488615164954
41441.0,41441.0,41441.0,0.0

41441.0,41443.0,41441.6,0.9165152222346832
41441.0,41443.0,41442.333333333336,0.9428088870436062
41441.0,41443.0,41442.833333333336,0.5527706066967831
41442.0,41443.0,41442.96666666667,0.1795056293423027

41443.0,41443.0,41443.0,0.0
41443.0,41443.0,41443.0,0.0
41443.0,41443.0,41443.0,0.0
41439.0,41443.0,41442.933333333334,0.512076216612804

41442.0,41443.0,41442.98333333333,0.1280200435323333
41443.0,41443.0,41443.0,0.0
41443.0,41443.0,41443.0,0.0
41443.0,41443.0,41443.0,0.0

41443.0,41443.0,41443.0,0.0
40439.0,41443.0,41426.26666666667,128.5311721803377
41443.0,41443.0,41443.0,0.0
41442.0,41443.0,41442.96666666667,0.1795056293423027

41443.0,41444.0,41443.26666666667,0.4422162481337896
41443.0,41444.0,41443.7,0.45825787125324075
41442.0,41444.0,41443.85,0.5107183797331136
41444.0,41444.0,41444.0,0.0

41444.0,41445.0,41444.35,0.4769698106501149
41444.0,41445.0,41444.78333333333,0.4119736868409098
41444.0,41445.0,41444.98333333333,0.1280200435323333
41444.0,41445.0,41444.95,0.21794525347986887

40444.0,41445.0,41428.316666666666,128.14711489393457
41445.0,41445.0,41445.0,0.0
41445.0,41445.0,41445.0,0.0
41445.0,41445.0,41445.0,0.0

41444.0,41445.0,41444.98333333333,0.1280200435323333
41445.0,41445.0,41445.0,0.0
41445.0,41445.0,41445.0,0.0
41445.0,41445.0,41445.0,0.0

41444.0,41446.0,41445.26666666667,0.4784229422359622
41445.0,41446.0,41445.65,0.47696956071957813
41445.0,41446.0,41445.9,0.2999998569488184
41445.0,41446.0,41445.933333333334,0.249443866140955

41446.0,41446.0,41446.0,0.0
41444.0,41446.0,41445.88333333333,0.4119736868409098
41445.0,41446.0,41445.98333333333,0.1280200435323333
41446.0,41446.0,41446.0,0.0

41446.0,41447.0,41446.23333333333,0.4229530406524677
40445.0,41447.0,41429.816666666666,128.2135577423106
41445.0,41447.0,41446.76666666667,0.5587682918140288
41446.0,41447.0,41446.95,0.21794525347986887

41447.0,41447.0,41447.0,0.0
41447.0,41447.0,41447.0,0.0
41447.0,41447.0,41447.0,0.0
41447.0,41447.0,41447.0,0.0

41447.0,41447.0,41447.0,0.0
41447.0,41447.0,41447.0,0.0
41446.0,41447.0,41446.96666666667,0.1795056293423027
41446.0,41447.0,41446.98333333333,0.1280200435323333

41447.0,41447.0,41447.0,0.0
41445.0,41447.0,41446.933333333334,0.3590105945862134
41446.0,41447.0,41446.98333333333,0.1280200435323333
41447.0,41447.0,41447.0,0.0

41446.0,41447.0,41446.98333333333,0.1280200435323333
41446.0,41447.0,41446.98333333333,0.1280200435323333
41446.0,41447.0,41446.96666666667,0.1795056293423027
41447.0,41447.0,41447.0,0.0

41447.0,41449.0,41447.8,0.9797957949125897
41447.0,41449.0,41448.6,0.8000000655651066
41447.0,41449.0,41448.916666666664,0.3782270183553
41449.0,41449.0,41449.0,0.0

41448.0,41449.0,41448.98333333333,0.1280209747057083
41449.0,41449.0,41449.0,0.0
41448.0,41450.0,41449.0,0.1825740987768787
41449.0,41450.0,41449.05,0.2179447065102183
