-1.0,26248.0,17703.066666666666,9937.630626171525
-1.0,26248.0,23445.3,6659.374811246682
-1.0,26248.0,20647.9,10329.037381253553
-1.0,31251.0,20485.85,10799.780687317992

-1.0,45390.0,27416.133333333335,11213.004516284747
-1.0,45390.0,35639.36666666667,10597.161421762365
-1.0,45390.0,42003.21666666667,5813.467419396855
41464.0,45390.0,43983.86666666667,1166.844783546094

43472.0,45404.0,45104.4,680.5219369473441
45390.0,45404.0,45390.23333333333,1.792267439904368
45390.0,45404.0,45390.46666666667,2.5130769133692996
45390.0,45404.0,45391.86666666667,4.759084872784918

45390.0,45404.0,45396.61666666667,6.537307449043459
45390.0,45405.0,45401.45,4.998082985548161
45403.0,45405.0,45404.183333333334,0.4278497409703419
45404.0,45406.0,45404.566666666666,0.5878397263706632

45404.0,45406.0,45404.916666666664,0.49300691725886353
45404.0,45406.0,45405.26666666667,0.5120759838167616
45404.0,45406.0,45405.63333333333,0.5467075636537783
45405.0,45406.0,45405.96666666667,0.1795056293423027

-1.0,47419.0,45381.0,5979.697918791554
45406.0,47420.0,46871.13333333333,804.9013907858338
46414.0,47421.0,47391.28333333333,127.5296163867956
-1.0,47422.0,46626.86666666667,6070.434296563029

47419.0,47422.0,47420.25,0.9242112895441968
47419.0,47422.0,47421.4,0.8406345636327206
47421.0,47422.0,47421.96666666667,0.1795056293423027
47422.0,47422.0,47422.0,0.0

47422.0,47423.0,47422.03333333333,0.1795056293423027
47422.0,47423.0,47422.166666666664,0.3726785649110244
47422.0,47423.0,47422.51666666667,0.49972192661195847
47421.0,47423.0,47422.7,0.6403123045921493

47423.0,47423.0,47423.0,0.0
47422.0,47423.0,47422.98333333333,0.1280209747057083
47423.0,47423.0,47423.0,0.0
47423.0,47423.0,47423.0,0.0

47422.0,47426.0,47423.35,0.627827162849086
47423.0,47426.0,47423.9,0.6244996929427553
47423.0,47426.0,47424.45,0.783687907653795
47424.0,47427.0,47425.066666666666,0.9104333545776107

47424.0,47427.0,47425.833333333336,0.6100999481366218
47425.0,47427.0,47426.333333333336,0.5055246313416057
47424.0,47428.0,47426.78333333333,0.5799905730171986
47427.0,48427.0,47493.816666666666,249.40398898651443

47426.0,48429.0,47610.6,386.9859256704845
47427.0,48429.0,47944.25,499.65300042469164
47427.0,48429.0,48327.86666666667,300.0120256850846
48427.0,48429.0,48428.6,0.5228126554152582

48428.0,48429.0,48428.933333333334,0.2494443440407615
48429.0,48429.0,48429.0,0.0
48429.0,48429.0,48429.0,0.0
48428.0,48429.0,48428.98333333333,0.1280209747057083

48428.0,48429.0,48428.98333333333,0.1280209747057083
48427.0,48429.0,48428.95,0.28431305262993456
48428.0,48430.0,48429.0,0.1825740987768787
48429.0,48430.0,48429.03333333333,0.1795056293423027

48429.0,48432.0,48429.95,1.0866617765102076
48429.0,48432.0,48431.0,1.0
48430.0,48433.0,48431.85,0.5107188465627395
48430.0,48433.0,48432.03333333333,0.40688509083319085

48432.0,48433.0,48432.28333333333,0.4506171974215593
48432.0,48433.0,48432.48333333333,0.4997224037142279
47430.0,48433.0,48399.45,180.02263052193786
48433.0,48433.0,48433.0,0.0

48433.0,48433.0,48433.0,0.0
48430.0,48433.0,48432.95,0.3840573370565555
48432.0,48433.0,48432.98333333333,0.1280209747057083
48433.0,48434.0,48433.01666666667,0.12801724997156907

48433.0,48434.0,48433.05,0.21794415953919502
48433.0,48434.0,48433.166666666664,0.3726785649110244
48433.0,48434.0,48433.48333333333,0.4997228808160419
48433.0,48434.0,48433.916666666664,0.2763861659782208

48434.0,48434.0,48434.0,0.0
48434.0,48434.0,48434.0,0.0
48434.0,48434.0,48434.0,0.0
48434.0,48434.0,48434.0,0.0

48434.0,48434.0,48434.0,0.0
47432.0,48434.0,48400.583333333336,179.86145516880205
48434.0,48434.0,48434.0,0.0
48434.0,48434.0,48434.0,0.0

48433.0,48434.0,48433.96666666667,0.1795056293423027
48434.0,48434.0,48434.0,0.0
48431.0,48434.0,48433.95,0.3840579578450769
48434.0,48434.0,48434.0,0.0

48434.0,48434.0,48434.0,0.0
48433.0,48434.0,48433.96666666667,0.1795056293423027
48432.0,48434.0,48433.96666666667,0.2560382247043703
48434.0,48434.0,48434.0,0.0

48434.0,48434.0,48434.0,0.0
48434.0,48434.0,48434.0,0.0
48433.0,48434.0,48433.98333333333,0.1280209747057083
48434.0,48434.0,48434.0,0.0

48434.0,48435.0,48434.333333333336,0.4714041274202814
47433.0,48435.0,48367.916666666664,249.8675176751112
48434.0,48435.0,48434.98333333333,0.1280209747057083
48435.0,48435.0,48435.0,0.0

48435.0,48435.0,48435.0,0.0
48434.0,48435.0,48434.95,0.2179463474150519
48435.0,48435.0,48435.0,0.0
48433.0,48435.0,48434.916666666664,0.37822733353436994

48434.0,48435.0,48434.933333333334,0.24944338824023293
48435.0,48435.0,48435.0,0.0
48435.0,48435.0,48435.0,0.0
48435.0,48435.0,48435.0,0.0

48435.0,48435.0,48435.0,0.0
48435.0,48435.0,48435.0,0.0
48432.0,48435.0,48434.916666666664,0.41998716334753494
48434.0,48435.0,48434.96666666667,0.1795056293423027

48434.0,48435.0,48434.98333333333,0.1280209747057083
48435.0,48435.0,48435.0,0.0
48435.0,48435.0,48435.0,0.0
48435.0,48435.0,48435.0,0.0

48435.0,48435.0,48435.0,0.0
48435.0,48436.0,48435.03333333333,0.1795056293423027
48435.0,48436.0,48435.1,0.3000002543130432
48433.0,48437.0,48435.26666666667,0.573488354831588

48435.0,48437.0,48435.78333333333,0.550504574374701
48435.0,48437.0,48436.21666666667,0.4861981934551915
48436.0,48438.0,48436.73333333333,0.6548963846267346
48436.0,48439.0,48437.333333333336,0.6236095219822918
