-1.0,35314.0,17486.233333333334,10897.2766282325
-1.0,35314.0,22445.383333333335,8669.917097050133
-1.0,36347.0,22459.333333333332,10565.26659967567
-1.0,36363.0,27519.85,6639.29991496343

-1.0,49361.0,26846.533333333333,13519.636193905351
-1.0,49361.0,33790.46666666667,9455.888035974658
-1.0,49361.0,35909.13333333333,7403.624052824098
36349.0,49365.0,38896.933333333334,5071.106900426716

-1.0,49365.0,37349.55,15774.238418409725
-1.0,49365.0,46291.916666666664,7537.8470584371025
48369.0,49365.0,49297.166666666664,247.80315889068473
49359.0,49368.0,49364.85,1.1376144183955328

49365.0,49368.0,49365.23333333333,0.6155396687966622
49365.0,49369.0,49365.65,0.909670196546856
49365.0,49369.0,49366.683333333334,1.2448783854945955
49365.0,49369.0,49368.01666666667,0.9745369618639729

-1.0,50404.0,48925.21666666667,6388.946548771211
-1.0,50411.0,47573.71666666667,10924.402281271749
49369.0,50411.0,50387.15,132.56769654278642
50404.0,50411.0,50405.63333333333,2.9606681439519797

50404.0,50414.0,50409.63333333333,4.024784373792425
50404.0,50421.0,50412.9,2.10317216794769
50411.0,50421.0,50414.3,1.584297873521478
50413.0,50421.0,50415.166666666664,2.615126980092798

50414.0,50422.0,50419.05,3.2528192323308462
50414.0,50422.0,50421.15,1.4355601615031401
50421.0,50422.0,50421.73333333333,0.4422167872782348
50420.0,50422.0,50421.9,0.39581151534066

50421.0,50431.0,50425.46666666667,4.001943950353991
50422.0,50431.0,50428.98333333333,2.7476758672574153
50429.0,50431.0,50430.23333333333,0.4606762161663628
50430.0,50431.0,50430.63333333333,0.48189426250030504

50430.0,50434.0,50431.583333333336,0.9881237040154719
50430.0,50434.0,50432.51666666667,1.1179096582178578
50431.0,50435.0,50433.316666666666,0.6950220079848205
50433.0,50435.0,50433.95,0.42524559554252916

50432.0,50435.0,50434.21666666667,0.5193481122526965
50434.0,50435.0,50434.61666666667,0.4861981934551915
50434.0,50436.0,50434.916666666664,0.37822733353436994
50434.0,50436.0,50435.11666666667,0.36930851423508154

50435.0,50438.0,50435.38333333333,0.660597433707842
50435.0,50439.0,50436.01666666667,0.8849038527680839
50435.0,50439.0,50436.86666666667,1.1756794527413263
50436.0,50439.0,50437.8,0.9626353082049209

50437.0,50439.0,50438.51666666667,0.5320294216309442
50438.0,50439.0,50438.9,0.3000002543130432
50439.0,50439.0,50439.0,0.0
50439.0,50439.0,50439.0,0.0

50438.0,50439.0,50438.98333333333,0.1280209747057083
50438.0,50439.0,50438.98333333333,0.1280209747057083
50439.0,50439.0,50439.0,0.0
50438.0,50439.0,50438.96666666667,0.1795056293423027

50437.0,50439.0,50438.916666666664,0.37822733353436994
50437.0,50439.0,50438.933333333334,0.3590112586846054
50437.0,50439.0,50438.96666666667,0.2560382247043703
50439.0,50439.0,50439.0,0.0

50438.0,50441.0,50439.45,0.864581065960098
50439.0,50441.0,50440.26666666667,0.9104330927038423
50439.0,50441.0,50440.916666666664,0.37822733353436994
50438.0,50441.0,50440.88333333333,0.5505050074655351

50441.0,50441.0,50441.0,0.0
49441.0,50441.0,50407.666666666664,179.5054935714453
50440.0,50441.0,50440.96666666667,0.1795056293423027
50441.0,50441.0,50441.0,0.0

50441.0,50441.0,50441.0,0.0
49441.0,50441.0,50424.333333333336,128.0190957976032
50436.0,50441.0,50440.71666666667,1.1119303755884404
50441.0,50441.0,50441.0,0.0

50440.0,50441.0,50440.98333333333,0.1280209747057083
50441.0,50441.0,50441.0,0.0
50441.0,50441.0,50441.0,0.0
50441.0,50441.0,50441.0,0.0

50441.0,50441.0,50441.0,0.0
50440.0,50441.0,50440.96666666667,0.1795056293423027
50441.0,50441.0,50441.0,0.0
50441.0,50441.0,50441.0,0.0

50441.0,50442.0,50441.416666666664,0.49300691725886353
50441.0,50442.0,50441.78333333333,0.4119739762022246
50441.0,50443.0,50442.0,0.1825740987768787
50442.0,50443.0,50442.066666666666,0.24944338824023293

50440.0,50443.0,50442.11666666667,0.45061666832786196
50441.0,50443.0,50442.36666666667,0.5153206591772761
50442.0,50443.0,50442.816666666666,0.3869394000411424
50443.0,50443.0,50443.0,0.0

50443.0,50443.0,50443.0,0.0
50443.0,50443.0,50443.0,0.0
50442.0,50443.0,50442.98333333333,0.1280209747057083
50442.0,50443.0,50442.96666666667,0.17950430114183327

50443.0,50443.0,50443.0,0.0
50442.0,50443.0,50442.933333333334,0.2494443440407615
50442.0,50443.0,50442.96666666667,0.17950430114183327
50443.0,50443.0,50443.0,0.0

50443.0,50443.0,50443.0,0.0
50442.0,50443.0,50442.98333333333,0.1280209747057083
50441.0,50443.0,50442.96666666667,0.2560372935191423
50443.0,50443.0,50443.0,0.0

50443.0,50443.0,50443.0,0.0
50443.0,50443.0,50443.0,0.0
50442.0,50443.0,50442.96666666667,0.17950430114183327
50443.0,50443.0,50443.0,0.0

50443.0,50443.0,50443.0,0.0
50442.0,50443.0,50442.98333333333,0.1280209747057083
50441.0,50443.0,50442.95,0.2843122140510213
50443.0,50443.0,50443.0,0.0

50443.0,50443.0,50443.0,0.0
50443.0,50443.0,50443.0,0.0
50443.0,50443.0,50443.0,0.0
50443.0,50443.0,50443.0,0.0

50443.0,50443.0,50443.0,0.0
50443.0,50444.0,50443.01666666667,0.12801724997156907
50442.0,50444.0,50442.98333333333,0.2881943320972474
50443.0,50444.0,50443.11666666667,0.3210225492739318

50441.0,50444.0,50443.25,0.5664214033533318
50441.0,50444.0,50443.65,0.6006939054375241
50444.0,50444.0,50444.0,0.0
50443.0,50445.0,50443.96666666667,0.2560382247043703

50444.0,50445.0,50444.05,0.21794415953919502
50443.0,50445.0,50444.1,0.35118863041402704
50444.0,50445.0,50444.38333333333,0.4861986838281753
50444.0,50445.0,50444.85,0.3570715015518026
