-1.0,25740.0,15857.15,10049.928828645172
-1.0,25762.0,18175.483333333334,10876.825721829671
-1.0,25762.0,21770.8,9042.473105295918
25620.0,25770.0,25723.55,28.56012663381749

-1.0,26184.0,24994.166666666668,4644.430500311329
-1.0,26184.0,24306.75,6497.425794433258
-1.0,26184.0,25223.033333333333,4684.122717459714
-1.0,26184.0,23509.166666666668,7836.876508249667

-1.0,26184.0,23539.416666666668,7846.929580610207
26084.0,26184.0,26180.616666666665,17.942585905309787
26184.0,26184.0,26184.0,0.0
26184.0,26184.0,26184.0,0.0

26184.0,26184.0,26184.0,0.0
26183.0,26184.0,26183.983333333334,0.12801911235218516
26184.0,26184.0,26184.0,0.0
26084.0,26184.0,26182.333333333332,12.801909582367635

26184.0,26184.0,26184.0,0.0
26182.0,26184.0,26183.95,0.2843117947606371
26184.0,26184.0,26184.0,0.0
26184.0,26184.0,26184.0,0.0

26183.0,26209.0,26192.8,11.382442622828759
26004.0,26209.0,26198.35,27.263421771379885
26208.0,26209.0,26208.366666666665,0.4818945098766866
26208.0,26209.0,26208.766666666666,0.4229526178773449

26208.0,26211.0,26209.016666666666,0.42785001959444596
26209.0,26211.0,26209.2,0.6000000119209289
26207.0,26211.0,26209.566666666666,1.0225241276289043
26208.0,26211.0,26210.116666666665,0.9676719327444538

26209.0,26212.0,26210.85,0.5722761446145429
26206.0,26212.0,26210.983333333334,0.718602040859502
26211.0,26212.0,26211.25,0.4330127018922193
26211.0,26212.0,26211.65,0.47696956071957813

26209.0,26213.0,26211.833333333332,0.6368324786695216
26210.0,26213.0,26212.0,0.3651483607878411
26113.0,26213.0,26210.483333333334,12.698414162499006
26210.0,26214.0,26212.4,0.6633249113452392

26212.0,26214.0,26213.05,0.46278141842056664
26212.0,26215.0,26213.4,0.5537748754007553
26212.0,26215.0,26213.833333333332,0.582141737723716
26213.0,26216.0,26214.283333333333,0.5505048991928585

26213.0,26216.0,26214.75,0.6224950181999177
26214.0,26217.0,26215.216666666667,0.6348665597335457
26215.0,26217.0,26215.716666666667,0.5799903674805637
26215.0,26217.0,26216.216666666667,0.5193478827162583

26216.0,26218.0,26217.15,0.6538347576624033
26217.0,26218.0,26217.7,0.4582574810493366
26218.0,26218.0,26218.0,0.0
26214.0,26218.0,26217.85,0.7262919752954737

26218.0,26218.0,26218.0,0.0
26216.0,26218.0,26217.916666666668,0.37822686076566653
26214.0,26218.0,26217.933333333334,0.5120763330107856
26217.0,26218.0,26217.983333333334,0.12801911235218516

26217.0,26218.0,26217.983333333334,0.12801911235218516
26218.0,26218.0,26218.0,0.0
26218.0,26218.0,26218.0,0.0
26217.0,26218.0,26217.966666666667,0.1795052972931067

26218.0,26219.0,26218.366666666665,0.4818945098766866
26218.0,26219.0,26218.783333333333,0.4119735421601762
26219.0,26219.0,26219.0,0.0
26219.0,26219.0,26219.0,0.0

26218.0,26219.0,26218.983333333334,0.12801864675957114
26219.0,26219.0,26219.0,0.0
26219.0,26219.0,26219.0,0.0
26218.0,26219.0,26218.983333333334,0.12801864675957114

26219.0,26220.0,26219.016666666666,0.12801911235218516
26218.0,26221.0,26219.083333333332,0.3782270183553
26218.0,26221.0,26219.433333333334,0.6674993996492465
26219.0,26221.0,26220.033333333333,0.7951240751023918

26219.0,26221.0,26220.666666666668,0.5055249850610106
26220.0,26221.0,26220.966666666667,0.1795056293423027
26221.0,26221.0,26221.0,0.0
26221.0,26221.0,26221.0,0.0

26220.0,26222.0,26221.0,0.25819899747611036
26221.0,26222.0,26221.1,0.30000005563099663
26221.0,26222.0,26221.416666666668,0.49300655455806996
26220.0,26222.0,26221.766666666666,0.4606758280108571

26221.0,26222.0,26221.966666666667,0.1795052972931067
26222.0,26222.0,26222.0,0.0
26220.0,26222.0,26221.933333333334,0.3091205976630094
26220.0,26222.0,26221.933333333334,0.359010926635563

26219.0,26222.0,26221.866666666665,0.5312459608934229
26220.0,26222.0,26221.966666666667,0.2560379919083808
26222.0,26222.0,26222.0,0.0
26221.0,26222.0,26221.983333333334,0.12801911235218516

26221.0,26223.0,26222.3,0.49328829267595853
26222.0,26223.0,26222.7,0.4582574810493366
26221.0,26223.0,26222.95,0.2843120044059065
26221.0,26223.0,26222.866666666665,0.49888773228191

26221.0,26223.0,26222.966666666667,0.2560382247043703
26122.0,26223.0,26217.9,21.85459524255056
26220.0,26223.0,26222.816666666666,0.6706133685209851
26223.0,26223.0,26223.0,0.0

26223.0,26223.0,26223.0,0.0
26221.0,26223.0,26222.966666666667,0.2560382247043703
26223.0,26223.0,26223.0,0.0
26222.0,26223.0,26222.966666666667,0.1795056293423027

26222.0,26223.0,26222.983333333334,0.12801911235218516
26221.0,26223.0,26222.933333333334,0.359010926635563
26223.0,26223.0,26223.0,0.0
26223.0,26223.0,26223.0,0.0

26223.0,26223.0,26223.0,0.0
26223.0,26223.0,26223.0,0.0
26223.0,26223.0,26223.0,0.0
26223.0,26223.0,26223.0,0.0

26221.0,26223.0,26222.9,0.4358898232479963
26222.0,26223.0,26222.983333333334,0.12801911235218516
26223.0,26223.0,26223.0,0.0
26221.0,26223.0,26222.933333333334,0.359010926635563

26223.0,26223.0,26223.0,0.0
26221.0,26223.0,26222.9,0.4358898232479963
26222.0,26223.0,26222.966666666667,0.1795056293423027
26223.0,26223.0,26223.0,0.0

26223.0,26223.0,26223.0,0.0
26223.0,26223.0,26223.0,0.0
26223.0,26223.0,26223.0,0.0
26223.0,26223.0,26223.0,0.0

26223.0,26225.0,26223.7,0.9363047928304167
26223.0,26225.0,26224.65,0.7262918932284124
26225.0,26225.0,26225.0,0.0
26225.0,26225.0,26225.0,0.0
