-1.0,25775.0,16675.566666666666,10867.536449393161
-1.0,25775.0,21257.866666666665,8787.230814211169
-1.0,25775.0,22222.983333333334,8717.633919230735
-1.0,25789.0,24441.4,5607.95228878896

25769.0,25874.0,25777.45,13.097614282574359
25567.0,25874.0,25783.966666666667,38.98930052714913
25593.0,25874.0,25798.216666666667,52.99122306736841
25581.0,25883.0,25833.0,63.568073747567325

-1.0,25913.0,25420.133333333335,3312.4036110084967
25470.0,25913.0,25861.266666666666,105.57112399842127
25694.0,25913.0,25901.416666666668,39.53154506950173
25912.0,25913.0,25912.95,0.21794497999521517

25625.0,25991.0,25922.583333333332,75.8496960374856
25585.0,25991.0,25951.666666666668,81.1943484619545
25598.0,25991.0,25971.1,62.01631505846095
25886.0,25992.0,25985.216666666667,13.376710688738546

25984.0,26005.0,25994.7,7.3446125335626515
25985.0,26112.0,26004.166666666668,19.967612665469165
25993.0,26112.0,26022.433333333334,38.44579156128689
25993.0,26112.0,26053.933333333334,49.49742978701074

25993.0,26113.0,26087.666666666668,40.59789266437635
26100.0,26113.0,26111.366666666665,2.994253754889172
26112.0,26113.0,26112.433333333334,0.49553558909293105
26112.0,26214.0,26114.5,12.963410043361133

26112.0,26214.0,26118.166666666668,21.99179139669861
26112.0,26214.0,26126.9,34.12511294035335
26113.0,26214.0,26147.516666666666,46.90966199934857
26113.0,26216.0,26189.083333333332,42.96754266048388

26111.0,26216.0,26205.816666666666,27.69506073098825
26214.0,26217.0,26214.583333333332,0.9361565182392556
26116.0,26218.0,26210.616666666665,21.72793261210904
26215.0,26218.0,26216.4,0.6110100939614587

26215.0,26218.0,26216.783333333333,0.6853628753919898
26216.0,26218.0,26217.283333333333,0.4861984386417452
26217.0,26219.0,26217.716666666667,0.4861984386417452
26117.0,26219.0,26216.2,12.926458650547865

26217.0,26219.0,26218.166666666668,0.4887625801438162
26217.0,26219.0,26218.65,0.5423712427308497
26218.0,26219.0,26218.966666666667,0.1795056293423027
26219.0,26220.0,26219.033333333333,0.1795056293423027

26218.0,26221.0,26219.416666666668,0.6656241510949967
26217.0,26221.0,26219.883333333335,0.8384840493320025
26218.0,26223.0,26220.466666666667,0.8055363594340352
26219.0,26223.0,26221.166666666668,0.8198915400534219

26220.0,26227.0,26223.95,2.5457480810181212
26222.0,26227.0,26226.233333333334,1.4067298494329263
26225.0,26227.0,26226.966666666667,0.2560382247043703
26227.0,26227.0,26227.0,0.0

26227.0,26228.0,26227.433333333334,0.49553558909293105
26225.0,26228.0,26227.716666666667,0.5505047909201607
26227.0,26228.0,26227.983333333334,0.12801911235218516
26228.0,26228.0,26228.0,0.0

26228.0,26229.0,26228.316666666666,0.46517624704100835
26228.0,26230.0,26228.716666666667,0.5193478827162583
26130.0,26230.0,26225.7,17.775732521865844
26229.0,26230.0,26229.233333333334,0.42295247695221005

26228.0,26230.0,26229.366666666665,0.6046119780779565
26129.0,26230.0,26228.15,12.913591024350582
26230.0,26230.0,26230.0,0.0
26230.0,26230.0,26230.0,0.0

26230.0,26230.0,26230.0,0.0
26130.0,26230.0,26228.333333333332,12.801909582367635
26129.0,26230.0,26224.95,22.012439662497563
26129.0,26230.0,26228.266666666666,12.925255209950608

26230.0,26230.0,26230.0,0.0
26129.0,26230.0,26228.316666666666,12.929928678815942
26229.0,26230.0,26229.966666666667,0.1795052972931067
26230.0,26230.0,26230.0,0.0

26229.0,26230.0,26229.933333333334,0.249443866140955
26230.0,26230.0,26230.0,0.0
26230.0,26231.0,26230.016666666666,0.12801911235218516
26230.0,26231.0,26230.033333333333,0.1795056293423027

26228.0,26231.0,26230.05,0.42524503488125776
26229.0,26231.0,26230.35,0.51071849644056
26229.0,26231.0,26230.633333333335,0.5763871130347822
26230.0,26232.0,26230.966666666667,0.2560382247043703

26230.0,26233.0,26231.333333333332,0.596284776229272
26231.0,26233.0,26231.916666666668,0.49300655455806996
26232.0,26233.0,26232.183333333334,0.3869395540824029
26231.0,26233.0,26232.55,0.5299371316798059

26232.0,26233.0,26232.9,0.2999998569488184
26233.0,26233.0,26233.0,0.0
26232.0,26233.0,26232.966666666667,0.1795052972931067
26233.0,26233.0,26233.0,0.0

26232.0,26233.0,26232.983333333334,0.12801911235218516
26233.0,26233.0,26233.0,0.0
26232.0,26233.0,26232.95,0.21794497999521517
26233.0,26233.0,26233.0,0.0

26132.0,26233.0,26227.983333333334,21.715963151917187
26232.0,26234.0,26232.983333333334,0.2229847408941492
26233.0,26234.0,26233.1,0.3000002543130432
26131.0,26234.0,26231.616666666665,13.10736646485614

26233.0,26234.0,26233.85,0.35707166847812016
26234.0,26234.0,26234.0,0.0
26233.0,26234.0,26233.933333333334,0.249443866140955
26234.0,26234.0,26234.0,0.0

26130.0,26234.0,26232.266666666666,13.31398596551908
26134.0,26234.0,26227.333333333332,24.944382580616946
26234.0,26234.0,26234.0,0.0
26234.0,26234.0,26234.0,0.0

26234.0,26234.0,26234.0,0.0
26232.0,26234.0,26233.933333333334,0.359010926635563
26132.0,26234.0,26230.566666666666,18.305160174451814
26234.0,26234.0,26234.0,0.0

26234.0,26234.0,26234.0,0.0
26230.0,26234.0,26233.866666666665,0.7180220192957047
26234.0,26234.0,26234.0,0.0
26234.0,26234.0,26234.0,0.0

26233.0,26234.0,26233.966666666667,0.1795056293423027
26233.0,26234.0,26233.966666666667,0.1795056293423027
26234.0,26234.0,26234.0,0.0
26133.0,26234.0,26232.25,12.93138945750008

26234.0,26234.0,26234.0,0.0
26234.0,26234.0,26234.0,0.0
26234.0,26234.0,26234.0,0.0
26234.0,26234.0,26234.0,0.0

26232.0,26235.0,26234.3,0.5567763848975107
26234.0,26235.0,26234.733333333334,0.44221665249218517
26233.0,26235.0,26234.966666666667,0.2560382247043703
26235.0,26235.0,26235.0,0.0
