-1.0,25866.0,20376.75,9038.834249365345
-1.0,25866.0,19448.383333333335,10744.676398247435
-1.0,25866.0,23125.283333333333,7712.689375506805
-1.0,25866.0,24114.433333333334,6445.595489341712

25866.0,25908.0,25870.9,13.482952197566119
-1.0,25908.0,19843.5,10947.774482362462
-1.0,25908.0,22441.4,8802.652367705236
-1.0,25908.0,25039.433333333334,4649.91116534021

25908.0,25908.0,25908.0,0.0
25908.0,25909.0,25908.016666666666,0.12801911235218516
25907.0,25910.0,25908.083333333332,0.37822686076566653
25907.0,25910.0,25908.383333333335,0.7547994273965399

25908.0,25910.0,25908.833333333332,0.8787617882579553
25908.0,25910.0,25909.616666666665,0.6853628753919898
25910.0,25910.0,25910.0,0.0
25910.0,26012.0,25911.7,13.057947771011463

25909.0,26013.0,25920.2,30.656048885856237
25909.0,26013.0,25954.25,50.636161321461465
25909.0,26013.0,25991.866666666665,40.895177658442336
26011.0,26014.0,26012.483333333334,0.6706132796401909

26012.0,26014.0,26012.966666666667,0.48189438618851166
26013.0,26015.0,26013.45,0.5605057226087968
26013.0,26016.0,26013.933333333334,0.749814725879705
26013.0,26016.0,26014.433333333334,0.8034646826188568

26013.0,26016.0,26015.05,0.8450838777569012
26014.0,26017.0,26015.783333333333,0.5505047909201607
26016.0,26017.0,26016.066666666666,0.249443866140955
26015.0,26017.0,26016.216666666667,0.4506168006013445

26016.0,26017.0,26016.516666666666,0.4997221651631501
25917.0,26017.0,26011.916666666668,21.777122295262917
26016.0,26018.0,26017.016666666666,0.2229847408941492
26016.0,26018.0,26017.133333333335,0.42687497832939125

26016.0,26020.0,26017.616666666665,0.6080478987084145
26016.0,26020.0,26018.066666666666,0.8537498868436725
26017.0,26020.0,26018.916666666668,0.9181805305489096
26018.0,26020.0,26019.733333333334,0.5120763330107856

26019.0,26022.0,26020.35,0.7708221297266118
26020.0,26022.0,26020.866666666665,0.8844333049843703
26020.0,26022.0,26021.666666666668,0.537483778420451
26021.0,26022.0,26021.966666666667,0.1795056293423027

26022.0,26023.0,26022.033333333333,0.1795056293423027
26022.0,26023.0,26022.116666666665,0.32102273494508693
26022.0,26023.0,26022.416666666668,0.49300655455806996
26022.0,26023.0,26022.833333333332,0.3726780851033127

25923.0,26024.0,26021.333333333332,12.803211404044708
26022.0,26024.0,26023.033333333333,0.406885237323282
26022.0,26024.0,26023.366666666665,0.5153208905075375
26023.0,26024.0,26023.766666666666,0.4229526178773449

26023.0,26024.0,26023.983333333334,0.12801864675957114
26024.0,26024.0,26024.0,0.0
26020.0,26024.0,26023.933333333334,0.5120763330107856
26023.0,26024.0,26023.95,0.2179447065102183

26023.0,26024.0,26023.983333333334,0.12801864675957114
26024.0,26024.0,26024.0,0.0
26024.0,26024.0,26024.0,0.0
26024.0,26024.0,26024.0,0.0

26023.0,26024.0,26023.983333333334,0.12801864675957114
26020.0,26025.0,26023.95,0.5299370192048584
26024.0,26025.0,26024.066666666666,0.249443866140955
26024.0,26025.0,26024.266666666666,0.44221665249218517

26024.0,26025.0,26024.633333333335,0.48189438618851166
26023.0,26025.0,26024.933333333334,0.359010926635563
26022.0,26025.0,26024.95,0.38405718185926835
26024.0,26025.0,26024.983333333334,0.12801911235218516

26025.0,26025.0,26025.0,0.0
26024.0,26025.0,26024.933333333334,0.249443866140955
26024.0,26025.0,26024.983333333334,0.12801911235218516
26025.0,26025.0,26025.0,0.0

26025.0,26025.0,26025.0,0.0
26025.0,26025.0,26025.0,0.0
26021.0,26025.0,26024.866666666665,0.6182412917360293
26025.0,26025.0,26025.0,0.0

26025.0,26026.0,26025.233333333334,0.4229526178773449
26024.0,26026.0,26025.566666666666,0.5878397263706632
26025.0,26026.0,26025.933333333334,0.24944362719070842
26023.0,26026.0,26025.95,0.38405718185926835

26025.0,26026.0,26025.966666666667,0.1795056293423027
26025.0,26026.0,26025.966666666667,0.1795056293423027
26026.0,26026.0,26026.0,0.0
26026.0,26026.0,26026.0,0.0

26025.0,26026.0,26025.966666666667,0.1795056293423027
26025.0,26026.0,26025.983333333334,0.12801911235218516
26026.0,26026.0,26026.0,0.0
26025.0,26026.0,26025.95,0.21794497999521517

26026.0,26026.0,26026.0,0.0
26026.0,26026.0,26026.0,0.0
26025.0,26026.0,26025.983333333334,0.12801911235218516
26026.0,26026.0,26026.0,0.0

26025.0,26026.0,26025.983333333334,0.12801911235218516
26026.0,26026.0,26026.0,0.0
26026.0,26026.0,26026.0,0.0
26026.0,26026.0,26026.0,0.0

26026.0,26027.0,26026.133333333335,0.33993441369881966
26026.0,26027.0,26026.366666666665,0.4818945098766866
26024.0,26027.0,26026.733333333334,0.5436501378404703
26025.0,26027.0,26026.95,0.2843120044059065

26026.0,26027.0,26026.966666666667,0.1795052972931067
26027.0,26028.0,26027.016666666666,0.12801911235218516
26027.0,26028.0,26027.066666666666,0.2494441050909727
26026.0,26028.0,26027.15,0.440643461665821

26027.0,26028.0,26027.433333333334,0.49553558909293105
26027.0,26028.0,26027.883333333335,0.3210225492739318
26027.0,26028.0,26027.933333333334,0.24944362719070842
26028.0,26028.0,26028.0,0.0

26027.0,26028.0,26027.95,0.21794497999521517
26026.0,26028.0,26027.966666666667,0.2560382247043703
26025.0,26028.0,26027.9,0.5385164452948743
26028.0,26028.0,26028.0,0.0

26028.0,26028.0,26028.0,0.0
25926.0,26028.0,26024.6,18.309560344517745
26026.0,26028.0,26027.966666666667,0.2560382247043703
26027.0,26028.0,26027.966666666667,0.1795056293423027

26026.0,26028.0,26027.966666666667,0.2560382247043703
26028.0,26028.0,26028.0,0.0
26028.0,26028.0,26028.0,0.0
26027.0,26028.0,26027.966666666667,0.1795056293423027

26028.0,26028.0,26028.0,0.0
26028.0,26028.0,26028.0,0.0
26028.0,26028.0,26028.0,0.0
26028.0,26028.0,26028.0,0.0
