-1.0,25892.0,16781.633333333335,10373.98611908117
-1.0,25892.0,21204.716666666667,8818.583964355554
-1.0,25892.0,25298.55,3296.800456124098
-1.0,25892.0,24953.05,4634.679217324538

-1.0,45405.0,27102.083333333332,10156.184605601435
-1.0,45405.0,30227.366666666665,13837.530360059036
-1.0,45422.0,37524.96666666667,13302.317579989163
34305.0,45422.0,43900.73333333333,2955.143949492567

-1.0,50341.0,40756.433333333334,14914.89660414118
-1.0,50414.0,42307.35,15501.04168308806
45363.0,50414.0,49282.45,1358.6591604104092
-1.0,50414.0,46809.01666666667,12515.828850555148

-1.0,50451.0,47021.98333333333,12567.5037610122
-1.0,50451.0,45375.2,15125.449745159103
50341.0,50452.0,50445.183333333334,20.42261137798533
50451.0,50452.0,50451.083333333336,0.27638530334839156

50451.0,50473.0,50456.1,7.593198716988531
50451.0,50473.0,50462.73333333333,7.71117517477987
50452.0,50473.0,50468.51666666667,2.7838322514003546
50464.0,50474.0,50470.48333333333,2.020657194136556

50469.0,50474.0,50472.38333333333,1.2123210263645419
50471.0,50474.0,50473.15,0.47696956071957813
50473.0,50474.0,50473.4,0.4898982016249113
50473.0,50474.0,50473.833333333336,0.3726779251672715

50473.0,50486.0,50477.666666666664,5.262023327910947
-1.0,50486.0,47958.76666666667,11002.725899167992
50485.0,50486.0,50485.3,0.4582576111173416
50485.0,50486.0,50485.7,0.4582576111173416

-1.0,50508.0,49649.71666666667,6463.978937392617
-1.0,50508.0,48813.76666666667,9064.680052023636
-1.0,50508.0,49662.933333333334,6465.696311732835
50506.0,50508.0,50507.3,0.4932878093506912

50507.0,50508.0,50507.666666666664,0.47140513894440456
50507.0,50508.0,50507.98333333333,0.12801911235218516
50508.0,50508.0,50508.0,0.0
50508.0,50510.0,50508.066666666666,0.3590112586846054

50508.0,50510.0,50508.3,0.6904103493578932
50507.0,50510.0,50509.05,0.9385271167932756
50509.0,50510.0,50509.9,0.29999945958406726
50510.0,50510.0,50510.0,0.0

50510.0,50510.0,50510.0,0.0
50510.0,50511.0,50510.01666666667,0.12801724997156907
50510.0,50511.0,50510.11666666667,0.3210225492739318
50510.0,50511.0,50510.433333333334,0.49553594994263217

50510.0,50511.0,50510.73333333333,0.4422167872782348
50510.0,50512.0,50511.0,0.1825740987768787
50510.0,50512.0,50511.083333333336,0.33124332061367195
-1.0,50512.0,49669.45,6466.541810027484

50511.0,50513.0,50511.8,0.4760950015495734
50511.0,50513.0,50512.11666666667,0.36930851423508154
50511.0,50514.0,50512.433333333334,0.6155392814639424
50511.0,50514.0,50512.98333333333,0.6950223510221885

50513.0,50514.0,50513.73333333333,0.4422173264220227
50513.0,50515.0,50514.03333333333,0.36362367304418525
50513.0,50516.0,50514.333333333336,0.6497862244239807
50514.0,50516.0,50514.78333333333,0.6348666536188503

-1.0,50516.0,49673.316666666666,6467.045210118915
50514.0,50516.0,50515.583333333336,0.525726778062635
50515.0,50517.0,50515.98333333333,0.4278502982183685
50516.0,50517.0,50516.333333333336,0.4714041274202814

50514.0,50519.0,50516.816666666666,0.7635807070741247
50516.0,50519.0,50517.38333333333,0.6853628753919898
50516.0,50520.0,50518.0,0.8563487086516369
50516.0,50521.0,50518.75,0.9420720828392787

50518.0,50523.0,50519.88333333333,1.0968390304014808
50519.0,50523.0,50520.9,0.9255628368411333
50519.0,50523.0,50521.55,0.8645807901980826
50520.0,50524.0,50522.28333333333,0.8183654930596187

50520.0,50524.0,50522.78333333333,0.73238574129618
50520.0,50524.0,50523.23333333333,0.8239473736818196
50523.0,50524.0,50523.71666666667,0.4506171974215593
50523.0,50524.0,50523.95,0.2179463474150519

50523.0,50525.0,50524.0,0.1825740987768787
-1.0,50525.0,49681.96666666667,6468.171330875156
50524.0,50525.0,50524.21666666667,0.4119733974793917
50524.0,50525.0,50524.55,0.49749318180491964

50524.0,50525.0,50524.933333333334,0.24944338824023293
50525.0,50525.0,50525.0,0.0
50524.0,50525.0,50524.96666666667,0.17950430114183327
50525.0,50525.0,50525.0,0.0

50525.0,50525.0,50525.0,0.0
50525.0,50525.0,50525.0,0.0
-1.0,50525.0,49682.9,6468.292834280122
50524.0,50525.0,50524.98333333333,0.1280209747057083

50525.0,50525.0,50525.0,0.0
50523.0,50526.0,50524.98333333333,0.2881943320972474
50525.0,50526.0,50525.05,0.21794525347986887
50525.0,50526.0,50525.2,0.40000040531137915

50525.0,50526.0,50525.63333333333,0.4818947572529412
-1.0,50526.0,48841.7,9069.861697402008
50525.0,50527.0,50526.0,0.25819876662830693
50525.0,50527.0,50526.166666666664,0.5217494790806201

-1.0,50527.0,49684.6,6468.514170451609
50526.0,50527.0,50526.916666666664,0.27638530334839156
50526.0,50528.0,50527.0,0.1825740987768787
50525.0,50528.0,50526.96666666667,0.40688509083319085

50527.0,50528.0,50527.05,0.21794415953919502
-1.0,50528.0,48842.96666666667,9070.096923345902
50527.0,50528.0,50527.61666666667,0.4861981934551915
50527.0,50528.0,50527.9,0.29999945958406726

50527.0,50530.0,50528.28333333333,0.6853628753919898
50527.0,50530.0,50528.916666666664,0.8019076728854261
50528.0,50530.0,50529.55,0.5299365693048295
50528.0,50530.0,50529.833333333336,0.4887624581937025

50529.0,50530.0,50529.96666666667,0.1795056293423027
50529.0,50530.0,50529.96666666667,0.1795056293423027
50530.0,50530.0,50530.0,0.0
50529.0,50530.0,50529.916666666664,0.27638530334839156

50529.0,50530.0,50529.96666666667,0.1795056293423027
50530.0,50530.0,50530.0,0.0
50529.0,50530.0,50529.95,0.2179463474150519
50530.0,50530.0,50530.0,0.0

50527.0,50530.0,50529.8,0.7483311205224481
50530.0,50530.0,50530.0,0.0
50530.0,50530.0,50530.0,0.0
50529.0,50530.0,50529.96666666667,0.1795056293423027

50530.0,50530.0,50530.0,0.0
50530.0,50530.0,50530.0,0.0
50530.0,50530.0,50530.0,0.0
50529.0,50530.0,50529.96666666667,0.1795056293423027
