-1.0,25819.0,15866.866666666667,11391.611606011778
-1.0,25819.0,22400.616666666665,7871.601472152215
-1.0,25942.0,24849.866666666665,4618.129980366038
-1.0,25942.0,25348.65,3304.5536401809645

24732.0,25950.0,25842.966666666667,158.54935789471483
24870.0,25950.0,25888.15,145.72895216768123
25819.0,25953.0,25942.533333333333,27.060713631960365
25949.0,25953.0,25950.35,0.997079100089061

25950.0,25964.0,25955.733333333334,6.360992235375979
25873.0,25964.0,25958.1,16.713966220001762
25953.0,25964.0,25963.816666666666,1.4082100665679294
25964.0,25964.0,25964.0,0.0

-1.0,31278.0,26869.833333333332,5573.601959734439
-1.0,31278.0,28129.933333333334,7807.845511335942
31278.0,31278.0,31278.0,0.0
31277.0,31278.0,31277.983333333334,0.12801911235218516

31278.0,31279.0,31278.316666666666,0.46517624704100835
31278.0,31280.0,31278.75,0.536190286970827
31278.0,31280.0,31279.133333333335,0.42687483869915394
31279.0,31280.0,31279.516666666666,0.4997221651631501

31279.0,31281.0,31279.983333333334,0.4651761189075248
31279.0,31281.0,31280.3,0.4932884135072013
31280.0,31281.0,31280.783333333333,0.4119736868409098
31281.0,31281.0,31281.0,0.0

31281.0,31281.0,31281.0,0.0
31281.0,31281.0,31281.0,0.0
31281.0,31281.0,31281.0,0.0
31281.0,31281.0,31281.0,0.0

31280.0,31281.0,31280.983333333334,0.12801911235218516
31281.0,31281.0,31281.0,0.0
31281.0,31281.0,31281.0,0.0
31281.0,31281.0,31281.0,0.0

31281.0,31281.0,31281.0,0.0
31281.0,31282.0,31281.016666666666,0.12801911235218516
31281.0,31282.0,31281.1,0.30000005563099663
31281.0,31282.0,31281.333333333332,0.47140463318261433

31281.0,31282.0,31281.733333333334,0.44221665249218517
31281.0,31282.0,31281.966666666667,0.1795056293423027
31282.0,31282.0,31282.0,0.0
31282.0,31282.0,31282.0,0.0

31282.0,31282.0,31282.0,0.0
31282.0,31282.0,31282.0,0.0
31281.0,31282.0,31281.966666666667,0.1795056293423027
31281.0,31283.0,31282.0,0.1825740987768787

31281.0,31284.0,31282.316666666666,0.718602040859502
31282.0,31284.0,31283.066666666666,0.946338002737452
31282.0,31284.0,31283.866666666665,0.42687497832939125
31284.0,31284.0,31284.0,0.0

31284.0,31285.0,31284.016666666666,0.12801957794310587
31284.0,31285.0,31284.016666666666,0.12801957794310587
31283.0,31285.0,31284.05,0.2843122140510213
31284.0,31285.0,31284.25,0.4330127018922193

31284.0,31285.0,31284.516666666666,0.4997221651631501
31283.0,31285.0,31284.816666666666,0.46517624704100835
31285.0,31285.0,31285.0,0.0
31285.0,31285.0,31285.0,0.0

31285.0,31285.0,31285.0,0.0
31285.0,31285.0,31285.0,0.0
31283.0,31286.0,31284.95,0.33788550929788874
31285.0,31286.0,31285.033333333333,0.1795056293423027

31285.0,31286.0,31285.083333333332,0.27638551900610125
31284.0,31286.0,31285.183333333334,0.4997221651631501
31285.0,31286.0,31285.516666666666,0.4997221651631501
31285.0,31286.0,31285.9,0.2999998569488184

31285.0,31287.0,31286.016666666666,0.2229847408941492
31286.0,31287.0,31286.133333333335,0.3399345890403767
31286.0,31287.0,31286.266666666666,0.44221665249218517
31286.0,31287.0,31286.666666666668,0.47140450674208195

31285.0,31287.0,31286.9,0.3511882909686782
31287.0,31287.0,31287.0,0.0
31286.0,31287.0,31286.983333333334,0.12801911235218516
31287.0,31287.0,31287.0,0.0

31286.0,31287.0,31286.983333333334,0.12801911235218516
31287.0,31287.0,31287.0,0.0
31287.0,31287.0,31287.0,0.0
31287.0,31287.0,31287.0,0.0

31286.0,31287.0,31286.983333333334,0.12801911235218516
31287.0,31287.0,31287.0,0.0
31286.0,31287.0,31286.966666666667,0.1795052972931067
31287.0,31287.0,31287.0,0.0

31287.0,31287.0,31287.0,0.0
31287.0,31287.0,31287.0,0.0
31287.0,31287.0,31287.0,0.0
31286.0,31287.0,31286.983333333334,0.12801911235218516

31287.0,31287.0,31287.0,0.0
31287.0,31287.0,31287.0,0.0
31287.0,31287.0,31287.0,0.0
31287.0,31287.0,31287.0,0.0

31287.0,31287.0,31287.0,0.0
31287.0,31287.0,31287.0,0.0
31287.0,31287.0,31287.0,0.0
31287.0,31287.0,31287.0,0.0

31287.0,31287.0,31287.0,0.0
31287.0,31287.0,31287.0,0.0
31287.0,31287.0,31287.0,0.0
31287.0,31287.0,31287.0,0.0

31286.0,31287.0,31286.983333333334,0.12801911235218516
31286.0,31287.0,31286.95,0.21794497999521517
31287.0,31287.0,31287.0,0.0
31287.0,31287.0,31287.0,0.0

31287.0,31287.0,31287.0,0.0
31286.0,31287.0,31286.966666666667,0.1795052972931067
31286.0,31287.0,31286.983333333334,0.12801911235218516
31287.0,31287.0,31287.0,0.0

31287.0,31287.0,31287.0,0.0
31287.0,31287.0,31287.0,0.0
31286.0,31287.0,31286.95,0.21794497999521517
31287.0,31287.0,31287.0,0.0

31287.0,31287.0,31287.0,0.0
31287.0,31287.0,31287.0,0.0
31287.0,31287.0,31287.0,0.0
31287.0,31287.0,31287.0,0.0

31287.0,31287.0,31287.0,0.0
31286.0,31287.0,31286.983333333334,0.12801911235218516
31286.0,31287.0,31286.966666666667,0.1795052972931067
31286.0,31287.0,31286.966666666667,0.1795052972931067

31287.0,31287.0,31287.0,0.0
31287.0,31287.0,31287.0,0.0
31287.0,31287.0,31287.0,0.0
31287.0,31287.0,31287.0,0.0
