-1.0,25890.0,16322.433333333332,10594.734040026155
-1.0,31279.0,20882.816666666666,9516.78298847474
-1.0,31279.0,23787.15,7282.677044020275
-1.0,36273.0,24822.233333333334,6935.792827467923

-1.0,36273.0,21320.166666666668,12024.812628015823
-1.0,36274.0,25486.916666666668,11176.105896497318
-1.0,36274.0,30891.233333333334,7720.93618323293
-1.0,39280.0,34387.35,5017.527933238983

30279.0,39280.0,36157.583333333336,1291.3233947086605
36274.0,39280.0,36757.63333333333,671.2427520817065
36274.0,39280.0,37241.5,817.2197888777516
36275.0,39281.0,37658.8,841.113603107812

37274.0,47302.0,38711.316666666666,1781.8233871671273
38280.0,47302.0,40153.78333333333,2462.3415149789685
-1.0,47302.0,38207.03333333333,11998.093013706613
-1.0,48349.0,38805.566666666666,15543.81574385418

-1.0,48349.0,42739.933333333334,14299.636760965483
-1.0,48349.0,47342.21666666667,6184.495700517721
-1.0,48349.0,46694.86666666667,8673.149709432104
-1.0,48349.0,47541.53333333333,6189.512047182894

48349.0,48350.0,48349.01666666667,0.12801911235218516
48349.0,48350.0,48349.083333333336,0.27638530334839156
48349.0,48350.0,48349.183333333334,0.3869394000411424
47350.0,48350.0,48332.73333333333,127.94189653543464

-1.0,48350.0,47543.78333333333,6189.803658953052
48349.0,48350.0,48349.98333333333,0.12801911235218516
48350.0,48351.0,48350.01666666667,0.12801724997156907
48350.0,48351.0,48350.03333333333,0.1795056293423027

48350.0,48361.0,48353.333333333336,5.022173020849529
48350.0,48362.0,48357.433333333334,5.007882628046536
48351.0,48362.0,48360.96666666667,1.3412265592803818
48358.0,48365.0,48361.48333333333,0.8060537054944649

48361.0,48365.0,48362.21666666667,0.8773382823634447
48361.0,48366.0,48362.71666666667,1.3177211997066185
48361.0,48366.0,48363.88333333333,1.5821049425834317
48362.0,48367.0,48365.066666666666,0.7717226071057626

48364.0,48368.0,48365.51666666667,0.6950216649472833
48365.0,48368.0,48366.11666666667,0.7765664666609897
48365.0,48368.0,48366.75,0.766485548048645
48366.0,48368.0,48367.48333333333,0.6452820999337213

48367.0,48368.0,48367.9,0.29999945958406726
48367.0,48368.0,48367.98333333333,0.1280209747057083
48368.0,48368.0,48368.0,0.0
48368.0,48368.0,48368.0,0.0

48367.0,48369.0,48368.25,0.46992903883904585
48368.0,48369.0,48368.65,0.47696956071957813
48369.0,48369.0,48369.0,0.0
47369.0,48369.0,48352.333333333336,128.01909579574084

48369.0,48369.0,48369.0,0.0
48369.0,48369.0,48369.0,0.0
48369.0,48369.0,48369.0,0.0
48369.0,48369.0,48369.0,0.0

48369.0,48370.0,48369.35,0.47697006058052066
48369.0,48370.0,48369.65,0.47696956071957813
48369.0,48370.0,48369.933333333334,0.24944338824023293
48370.0,48370.0,48370.0,0.0

48369.0,48371.0,48370.38333333333,0.5193481122526965
48370.0,48371.0,48370.816666666666,0.38694001620581636
48369.0,48371.0,48370.933333333334,0.3590105945862134
48371.0,48371.0,48371.0,0.0

48371.0,48371.0,48371.0,0.0
48371.0,48371.0,48371.0,0.0
48371.0,48371.0,48371.0,0.0
48370.0,48371.0,48370.95,0.21794525347986887

48370.0,48371.0,48370.98333333333,0.1280209747057083
48371.0,48371.0,48371.0,0.0
48371.0,48371.0,48371.0,0.0
48371.0,48371.0,48371.0,0.0

48371.0,48371.0,48371.0,0.0
48371.0,48371.0,48371.0,0.0
48370.0,48371.0,48370.98333333333,0.1280209747057083
48370.0,48371.0,48370.96666666667,0.1795056293423027

48371.0,48371.0,48371.0,0.0
48371.0,48371.0,48371.0,0.0
48371.0,48371.0,48371.0,0.0
48371.0,48371.0,48371.0,0.0

48371.0,48371.0,48371.0,0.0
48371.0,48371.0,48371.0,0.0
48370.0,48371.0,48370.98333333333,0.1280209747057083
48371.0,48371.0,48371.0,0.0

48371.0,48372.0,48371.3,0.4582576111173416
48371.0,48372.0,48371.6,0.4898982016249113
48371.0,48372.0,48371.916666666664,0.2763861659782208
48372.0,48372.0,48372.0,0.0

48371.0,48372.0,48371.95,0.21794525347986887
48372.0,48372.0,48372.0,0.0
48371.0,48372.0,48371.96666666667,0.17950430114183327
48372.0,48372.0,48372.0,0.0

48372.0,48372.0,48372.0,0.0
48372.0,48372.0,48372.0,0.0
48372.0,48372.0,48372.0,0.0
48372.0,48372.0,48372.0,0.0

48370.0,48372.0,48371.96666666667,0.2560382247043703
48372.0,48372.0,48372.0,0.0
48372.0,48372.0,48372.0,0.0
48372.0,48372.0,48372.0,0.0

48370.0,48372.0,48371.96666666667,0.2560382247043703
48372.0,48372.0,48372.0,0.0
48371.0,48372.0,48371.98333333333,0.1280209747057083
48372.0,48372.0,48372.0,0.0

48372.0,48372.0,48372.0,0.0
48372.0,48372.0,48372.0,0.0
48372.0,48372.0,48372.0,0.0
48372.0,48372.0,48372.0,0.0

48372.0,48372.0,48372.0,0.0
48372.0,48372.0,48372.0,0.0
48371.0,48372.0,48371.95,0.21794525347986887
48372.0,48372.0,48372.0,0.0

48371.0,48372.0,48371.95,0.21794525347986887
48372.0,48372.0,48372.0,0.0
48372.0,48372.0,48372.0,0.0
48370.0,48372.0,48371.95,0.2843122140510213

48372.0,48372.0,48372.0,0.0
48372.0,48372.0,48372.0,0.0
48372.0,48373.0,48372.01666666667,0.12801724997156907
48372.0,48373.0,48372.066666666666,0.24944338824023293

48372.0,48373.0,48372.21666666667,0.4119733974793917
48372.0,48373.0,48372.566666666666,0.49553546880963895
48372.0,48373.0,48372.88333333333,0.3210232919579079
48373.0,48373.0,48373.0,0.0
