The best solution of population 1
Id, X, Y
0,675.783879,920.495305
1,703.603461,758.805698
2,807.003989,810.451175
3,855.420791,632.607178
4,929.359345,832.607665
5,125.298291,129.107935
6,256.069691,329.804548
7,71.473811,278.503311
8,267.461072,158.770819
9,388.620393,551.600946
10,263.41514,722.475174
11,170.419517,538.621181
12,696.058899,222.994503
13,399.88884,220.308948
14,649.42837,596.891726
15,485.066906,805.818361
16,71.545188,691.312501
17,35.228789,864.766123
18,145.113009,417.014438
19,798.374821,294.212327
20,133.405349,818.072624
21,242.89507,914.43973
22,810.325349,112.31283
23,972.139664,392.381862
24,681.549982,90.473829
25,879.473159,211.783518
26,157.766263,471.31781
27,838.92399,256.997922
28,692.30444,158.234166
29,745.937665,104.39333
30,200.59135,375.909493
31,103.475268,754.692563
32,201.379682,139.939377
33,187.65021,868.256177
34,333.674956,190.539884
35,99.386051,202.305623
36,199.410245,770.273899
37,294.872323,255.172216
38,691.69367,837.650501
39,676.515916,677.848712
40,120.982352,614.966841
41,834.21239,729.529176
42,903.531827,328.189892
43,587.380288,823.734431
44,326.017766,635.03806
45,374.241023,764.146767
46,913.780227,513.99452
47,942.959946,454.688191
48,888.600509,573.300849
Coverage 
(125,)
Tolerance 
(1,)
Redundancy 
(433,)
Evolution of the best individual 
[(125507.0,), (125507.0,), (125508.0,), (125509.0,), (125509.0,), (125509.0,), (125512.0,), (125512.0,), (125512.0,), (125512.0,), (125512.0,), (125512.0,), (125512.0,), (125512.0,), (125512.0,), (125512.0,), (125512.0,), (125512.0,), (125512.0,), (125512.0,), (125514.0,), (125514.0,), (125514.0,), (125514.0,), (125515.0,), (125515.0,), (125515.0,), (125515.0,), (125515.0,), (125515.0,), (125515.0,), (125515.0,), (125520.0,), (125520.0,), (125520.0,), (125520.0,), (125520.0,), (125520.0,), (125520.0,), (125520.0,), (125520.0,), (125520.0,), (125520.0,), (125520.0,), (125524.0,), (125524.0,), (125524.0,), (125524.0,), (125524.0,), (125524.0,), (125524.0,), (125524.0,), (125524.0,), (125524.0,), (125524.0,), (125524.0,), (125524.0,), (125524.0,), (125525.0,), (125525.0,), (125525.0,), (125525.0,), (125525.0,), (125525.0,), (125525.0,), (125525.0,), (125525.0,), (125525.0,), (125525.0,), (125525.0,), (125525.0,), (125525.0,), (125525.0,), (125525.0,), (125525.0,), (125525.0,), (125529.0,), (125529.0,), (125529.0,), (125529.0,), (125529.0,), (125529.0,), (125529.0,), (125529.0,), (125530.0,), (125530.0,), (125530.0,), (125530.0,), (125530.0,), (125530.0,), (125530.0,), (125530.0,), (125530.0,), (125530.0,), (125530.0,), (125530.0,), (125530.0,), (125530.0,), (125530.0,), (125530.0,), (125530.0,), (125530.0,), (125530.0,), (125530.0,), (125533.0,), (125533.0,), (125533.0,), (125533.0,), (125533.0,), (125533.0,), (125533.0,), (125533.0,), (125533.0,), (125533.0,), (125533.0,), (125533.0,), (125533.0,), (125533.0,), (125533.0,), (125533.0,)]
The best solution of population 2
Id, X, Y
0,675.783879,920.495305
1,703.603461,758.805698
2,807.003989,810.451175
3,855.420791,632.607178
4,929.359345,832.607665
5,125.298291,129.107935
6,256.069691,329.804548
7,71.473811,278.503311
8,267.461072,158.770819
9,388.620393,551.600946
10,263.41514,722.475174
11,170.419517,533.621181
12,696.058899,222.994503
13,399.88884,220.308948
14,649.42837,596.891726
15,485.066906,805.818361
16,71.545188,691.312501
17,35.228789,864.766123
18,145.113009,417.014438
19,798.374821,294.212327
20,133.405349,818.072624
21,242.89507,914.43973
22,810.325349,112.31283
23,972.139664,392.381862
24,681.549982,90.473829
25,879.473159,211.783518
26,157.766263,471.31781
27,838.92399,256.997922
28,692.30444,158.234166
29,745.937665,104.39333
30,200.59135,375.909493
31,103.475268,754.692563
32,201.379682,139.939377
33,187.65021,868.256177
34,328.674956,190.539884
35,99.386051,202.305623
36,199.410245,775.273899
37,294.872323,255.172216
38,691.69367,837.650501
39,676.515916,677.848712
40,120.982352,614.966841
41,834.21239,729.529176
42,903.531827,328.189892
43,587.380288,823.734431
44,326.017766,635.03806
45,374.241023,764.146767
46,913.780227,513.99452
47,942.959946,454.688191
48,888.600509,573.300849
Coverage 
(125,)
Tolerance 
(1,)
Redundancy 
(434,)
Evolution of the best individual 
[(125505.0,), (125505.0,), (125505.0,), (125505.0,), (125507.0,), (125507.0,), (125507.0,), (125507.0,), (125507.0,), (125507.0,), (125507.0,), (125507.0,), (125510.0,), (125510.0,), (125510.0,), (125510.0,), (125513.0,), (125514.0,), (125514.0,), (125514.0,), (125515.0,), (125515.0,), (125515.0,), (125515.0,), (125515.0,), (125515.0,), (125515.0,), (125515.0,), (125518.0,), (125518.0,), (125519.0,), (125519.0,), (125519.0,), (125519.0,), (125520.0,), (125520.0,), (125520.0,), (125520.0,), (125520.0,), (125520.0,), (125521.0,), (125523.0,), (125523.0,), (125523.0,), (125523.0,), (125523.0,), (125523.0,), (125523.0,), (125523.0,), (125523.0,), (125523.0,), (125523.0,), (125523.0,), (125523.0,), (125523.0,), (125524.0,), (125524.0,), (125524.0,), (125524.0,), (125524.0,), (125524.0,), (125525.0,), (125525.0,), (125525.0,), (125525.0,), (125525.0,), (125525.0,), (125525.0,), (125525.0,), (125525.0,), (125525.0,), (125525.0,), (125529.0,), (125529.0,), (125529.0,), (125529.0,), (125529.0,), (125529.0,), (125529.0,), (125529.0,), (125530.0,), (125530.0,), (125530.0,), (125530.0,), (125530.0,), (125530.0,), (125530.0,), (125530.0,), (125530.0,), (125530.0,), (125530.0,), (125530.0,), (125530.0,), (125530.0,), (125530.0,), (125530.0,), (125530.0,), (125530.0,), (125530.0,), (125530.0,), (125533.0,), (125533.0,), (125533.0,), (125533.0,), (125533.0,), (125533.0,), (125533.0,), (125533.0,), (125533.0,), (125533.0,), (125533.0,), (125533.0,), (125533.0,), (125533.0,), (125533.0,), (125533.0,), (125533.0,), (125534.0,), (125534.0,), (125534.0,)]
The best solution of population 3
Id, X, Y
0,679.783879,924.495305
1,703.603461,758.805698
2,807.003989,810.451175
3,855.420791,632.607178
4,925.359345,830.607665
5,122.298291,133.107935
6,252.06969099999998,325.804548
7,66.473811,275.503311
8,267.461072,160.770819
9,383.620393,551.600946
10,263.41514,726.475174
11,166.419517,535.621181
12,700.058899,222.994503
13,395.88884,220.308948
14,649.42837,594.891726
15,485.066906,809.818361
16,71.545188,692.312501
17,37.228789,864.766123
18,148.113009,414.014438
19,793.374821,310.212327
20,133.405349,818.072624
21,234.89507,923.43973
22,810.325349,120.31283
23,976.139664,390.381862
24,686.549982,98.473829
25,879.473159,206.783518
26,159.766263,476.31781
27,838.92399,260.997922
28,686.30444,158.234166
29,745.937665,104.39333
30,200.59135,366.909493
31,103.475268,747.692563
32,205.379682,142.939377
33,184.65021,873.256177
34,333.674956,188.539884
35,98.386051,202.305623
36,204.410245,770.273899
37,297.872323,256.172216
38,692.69367,838.650501
39,676.515916,677.848712
40,115.982352,614.966841
41,830.21239,726.529176
42,908.531827,332.189892
43,590.380288,823.734431
44,327.017766,635.03806
45,405.542336,717.42821
46,913.780227,513.99452
47,946.959946,454.688191
48,884.600509,574.300849
Coverage 
(125,)
Tolerance 
(1,)
Redundancy 
(434,)
Evolution of the best individual 
[(125507.0,), (125507.0,), (125507.0,), (125507.0,), (125510.0,), (125510.0,), (125510.0,), (125510.0,), (125511.0,), (125511.0,), (125512.0,), (125512.0,), (125512.0,), (125512.0,), (125512.0,), (125512.0,), (125512.0,), (125512.0,), (125512.0,), (125512.0,), (125515.0,), (125516.0,), (125517.0,), (125517.0,), (125517.0,), (125517.0,), (125518.0,), (125519.0,), (125520.0,), (125520.0,), (125520.0,), (125520.0,), (125520.0,), (125520.0,), (125520.0,), (125520.0,), (125523.0,), (125523.0,), (125523.0,), (125524.0,), (125524.0,), (125524.0,), (125524.0,), (125524.0,), (125524.0,), (125524.0,), (125524.0,), (125524.0,), (125524.0,), (125524.0,), (125524.0,), (125524.0,), (125526.0,), (125526.0,), (125526.0,), (125527.0,), (125527.0,), (125527.0,), (125527.0,), (125527.0,), (125527.0,), (125527.0,), (125527.0,), (125527.0,), (125528.0,), (125528.0,), (125528.0,), (125528.0,), (125528.0,), (125528.0,), (125528.0,), (125528.0,), (125528.0,), (125529.0,), (125529.0,), (125529.0,), (125529.0,), (125530.0,), (125530.0,), (125530.0,), (125530.0,), (125530.0,), (125530.0,), (125530.0,), (125530.0,), (125530.0,), (125531.0,), (125531.0,), (125531.0,), (125531.0,), (125531.0,), (125531.0,), (125531.0,), (125531.0,), (125532.0,), (125532.0,), (125532.0,), (125532.0,), (125532.0,), (125532.0,), (125532.0,), (125532.0,), (125532.0,), (125532.0,), (125532.0,), (125532.0,), (125532.0,), (125532.0,), (125533.0,), (125533.0,), (125533.0,), (125533.0,), (125534.0,), (125534.0,), (125534.0,), (125534.0,), (125534.0,), (125534.0,), (125534.0,), (125534.0,)]
The best solution of population 4
Id, X, Y
0,679.783879,924.495305
1,703.603461,758.805698
2,807.003989,810.451175
3,855.420791,632.607178
4,925.359345,830.607665
5,122.298291,133.107935
6,252.06969099999998,325.804548
7,66.473811,275.503311
8,267.461072,160.770819
9,383.620393,551.600946
10,263.41514,726.475174
11,166.419517,535.621181
12,700.058899,222.994503
13,395.88884,220.308948
14,649.42837,594.891726
15,485.066906,809.818361
16,71.545188,692.312501
17,37.228789,864.766123
18,148.113009,414.014438
19,793.374821,310.212327
20,133.405349,818.072624
21,234.89507,923.43973
22,810.325349,120.31283
23,976.139664,390.381862
24,686.549982,98.473829
25,879.473159,206.783518
26,159.766263,476.31781
27,838.92399,260.997922
28,686.30444,158.234166
29,745.937665,104.39333
30,200.59135,366.909493
31,103.475268,747.692563
32,205.379682,142.939377
33,184.65021,873.256177
34,333.674956,188.539884
35,98.386051,202.305623
36,204.410245,770.273899
37,297.872323,254.172216
38,692.69367,838.650501
39,676.515916,677.848712
40,115.982352,614.966841
41,828.21239,726.529176
42,908.531827,332.189892
43,590.380288,823.734431
44,327.017766,635.03806
45,405.542336,717.42821
46,913.780227,513.99452
47,946.959946,454.688191
48,884.600509,574.300849
Coverage 
(125,)
Tolerance 
(1,)
Redundancy 
(434,)
Evolution of the best individual 
[(125509.0,), (125509.0,), (125509.0,), (125509.0,), (125509.0,), (125510.0,), (125510.0,), (125510.0,), (125510.0,), (125510.0,), (125510.0,), (125510.0,), (125510.0,), (125510.0,), (125510.0,), (125510.0,), (125513.0,), (125513.0,), (125513.0,), (125515.0,), (125515.0,), (125515.0,), (125515.0,), (125515.0,), (125515.0,), (125515.0,), (125515.0,), (125515.0,), (125515.0,), (125515.0,), (125515.0,), (125515.0,), (125519.0,), (125519.0,), (125521.0,), (125522.0,), (125522.0,), (125522.0,), (125522.0,), (125522.0,), (125523.0,), (125523.0,), (125523.0,), (125523.0,), (125524.0,), (125524.0,), (125524.0,), (125524.0,), (125526.0,), (125526.0,), (125526.0,), (125526.0,), (125526.0,), (125527.0,), (125527.0,), (125527.0,), (125527.0,), (125527.0,), (125527.0,), (125527.0,), (125527.0,), (125527.0,), (125528.0,), (125528.0,), (125528.0,), (125528.0,), (125528.0,), (125528.0,), (125528.0,), (125528.0,), (125528.0,), (125528.0,), (125529.0,), (125529.0,), (125529.0,), (125529.0,), (125529.0,), (125529.0,), (125529.0,), (125529.0,), (125530.0,), (125530.0,), (125530.0,), (125530.0,), (125530.0,), (125530.0,), (125530.0,), (125530.0,), (125530.0,), (125530.0,), (125530.0,), (125530.0,), (125530.0,), (125530.0,), (125530.0,), (125531.0,), (125531.0,), (125531.0,), (125531.0,), (125531.0,), (125531.0,), (125531.0,), (125532.0,), (125532.0,), (125532.0,), (125533.0,), (125533.0,), (125533.0,), (125533.0,), (125533.0,), (125534.0,), (125534.0,), (125534.0,), (125534.0,), (125534.0,), (125534.0,), (125534.0,), (125534.0,), (125534.0,), (125534.0,)]
