-1.0,57450.0,34103.933333333334,16851.697084533916
-1.0,57450.0,38507.98333333333,16810.864999053116
-1.0,58384.0,36883.816666666666,22520.427010081068
-1.0,58384.0,41421.916666666664,22038.545393840966

-1.0,65349.0,46103.38333333333,23524.76582249132
-1.0,65385.0,51050.416666666664,23169.347846016775
-1.0,65411.0,57821.916666666664,19331.1829145655
-1.0,65411.0,61506.01666666667,14136.3693529511

-1.0,69464.0,63102.98333333333,14611.945274890308
-1.0,72359.0,60243.13333333333,21976.42356819892
-1.0,76367.0,68611.5,9021.835144987588
-1.0,76367.0,62107.96666666667,22620.256136161577

-1.0,83366.0,70244.08333333333,9718.551881653444
-1.0,83366.0,73112.25,10141.853028621888
-1.0,84358.0,74520.45,14448.064940128377
72359.0,84366.0,79582.61666666667,3641.6002805161083

76367.0,89434.0,84078.23333333334,3527.648959135294
-1.0,89434.0,76857.15,28100.819351533166
-1.0,89434.0,85608.55,16099.230784341806
89418.0,89435.0,89433.1,2.998332831944807

89434.0,90458.0,89788.86666666667,482.7723572125769
89424.0,90458.0,90211.36666666667,427.0306767537652
89435.0,90458.0,90431.48333333334,129.77152893121678
90447.0,90458.0,90450.95,4.620335572346064

89457.0,90469.0,90425.88333333333,180.03259812922812
89468.0,90469.0,90447.81666666667,127.65480689140058
90458.0,90469.0,90467.68333333333,2.6362324131921198
90468.0,90469.0,90468.71666666666,0.4506177265146354

89470.0,90469.0,90452.26666666666,127.88052584062437
90469.0,90469.0,90469.0,0.0
90469.0,90471.0,90469.03333333334,0.25603449994313815
90469.0,90471.0,90469.13333333333,0.49888773228191

90468.0,90471.0,90469.35,0.7708215111178158
90468.0,90471.0,90470.01666666666,0.9914918398153412
90469.0,90471.0,90470.76666666666,0.6155396687966622
90470.0,90471.0,90470.96666666666,0.1795096138847465

90470.0,90471.0,90470.96666666666,0.1795096138847465
90471.0,90471.0,90471.0,0.0
90471.0,90471.0,90471.0,0.0
90471.0,90471.0,90471.0,0.0

90470.0,90472.0,90471.0,0.18257540464517025
90471.0,90472.0,90471.03333333334,0.17950164471141083
89471.0,90472.0,90421.06666666667,217.96038376151142
90471.0,90472.0,90471.15,0.35707216925660445

90471.0,90473.0,90471.78333333334,0.7547981639150374
90471.0,90473.0,90472.55,0.5894911767042059
90472.0,90473.0,90472.96666666666,0.1795096138847465
90473.0,90473.0,90473.0,0.0

90473.0,90473.0,90473.0,0.0
90473.0,90473.0,90473.0,0.0
90473.0,90473.0,90473.0,0.0
90473.0,90473.0,90473.0,0.0

90473.0,90475.0,90473.73333333334,0.9637885250006101
90473.0,90475.0,90474.66666666667,0.7226483318822964
90474.0,90475.0,90474.98333333334,0.1280153875638589
90474.0,90475.0,90474.98333333334,0.1280153875638589

90473.0,90476.0,90475.26666666666,0.6289327864646084
90475.0,90476.0,90475.76666666666,0.4229541680507291
90475.0,90476.0,90475.95,0.2179463474150519
90476.0,90476.0,90476.0,0.0

90476.0,90478.0,90476.6,0.9165141816902005
90476.0,90478.0,90477.5,0.8266398229650088
90477.0,91476.0,90511.23333333334,179.1527622508213
90478.0,91476.0,90644.33333333333,371.88796102681084

90478.0,91478.0,91044.28333333334,495.0665306011028
90478.0,91479.0,91444.16666666667,179.32225801995276
91476.0,91479.0,91477.86666666667,0.5906677553555779
91476.0,91479.0,91478.08333333333,0.41998773102778514

-1.0,91479.0,89953.85,11711.123969436008
91478.0,91479.0,91478.95,0.2179463474150519
91479.0,91479.0,91479.0,0.0
91478.0,91479.0,91478.98333333334,0.1280153875638589

91479.0,91480.0,91479.28333333334,0.4506156101386035
91479.0,91480.0,91479.65,0.4769715601602051
91479.0,91480.0,91479.98333333334,0.1280153875638589
91480.0,91481.0,91480.03333333334,0.17950164471141083

91480.0,91481.0,91480.18333333333,0.3869394000411424
91480.0,91481.0,91480.48333333334,0.4997214495092335
91480.0,91481.0,91480.88333333333,0.3210232919579079
91479.0,91481.0,91480.9,0.4358916008962935

91480.0,91482.0,91481.0,0.18257540464517025
91481.0,91482.0,91481.06666666667,0.2494443440407615
90480.0,91482.0,91464.6,128.18517854877132
91481.0,91482.0,91481.7,0.4582586516600522

91481.0,91482.0,91481.95,0.2179463474150519
90482.0,91482.0,91448.65,179.50244427453922
-1.0,91482.0,89957.28333333334,11711.570940871008
91482.0,91482.0,91482.0,0.0

91479.0,91482.0,91481.95,0.3840573370565555
90481.0,91482.0,91465.31666666667,128.1471148948648
91482.0,91482.0,91482.0,0.0
91481.0,91482.0,91481.95,0.2179463474150519

91482.0,91483.0,91482.31666666667,0.4651770158411683
-1.0,91483.0,86908.45,19938.395257580316
91482.0,91483.0,91482.91666666667,0.27638444071586993
91483.0,91483.0,91483.0,0.0

91483.0,91484.0,91483.45,0.49749414028378186
91483.0,91484.0,91483.76666666666,0.4229530406524677
91483.0,91484.0,91483.96666666666,0.1795096138847465
91484.0,91484.0,91484.0,0.0

91484.0,91484.0,91484.0,0.0
91484.0,91484.0,91484.0,0.0
91484.0,91484.0,91484.0,0.0
91484.0,91484.0,91484.0,0.0

91484.0,91484.0,91484.0,0.0
91483.0,91484.0,91483.96666666666,0.1795096138847465
-1.0,91484.0,89959.25,11711.82697906266
91484.0,91484.0,91484.0,0.0

91483.0,91484.0,91483.98333333334,0.1280153875638589
91483.0,91484.0,91483.95,0.2179463474150519
91483.0,91484.0,91483.98333333334,0.1280153875638589
-1.0,91484.0,88434.5,16422.06007935667

91483.0,91484.0,91483.98333333334,0.1280153875638589
91484.0,91484.0,91484.0,0.0
91484.0,91484.0,91484.0,0.0
91484.0,91484.0,91484.0,0.0

91484.0,91484.0,91484.0,0.0
91482.0,91484.0,91483.96666666666,0.2560400870646666
91484.0,91484.0,91484.0,0.0
91483.0,91484.0,91483.96666666666,0.1795096138847465
