-1.0,56340.0,33547.01666666667,16079.77589965281
-1.0,59346.0,41898.65,16286.53773297136
-1.0,59346.0,43498.71666666667,20124.03205050425
-1.0,70363.0,50696.11666666667,17402.06396005147

-1.0,72317.0,57154.96666666667,18365.163327131664
-1.0,72317.0,62642.2,17752.362975859494
-1.0,78339.0,67993.41666666667,15721.42532055291
-1.0,78339.0,68923.35,15896.804047590787

-1.0,80337.0,73440.86666666667,9934.857288803365
71331.0,84359.0,77306.86666666667,2625.3484052386207
73364.0,84359.0,79058.63333333333,1961.9680422701463
78339.0,85357.0,80277.18333333333,2278.9537693984284

-1.0,85357.0,79773.71666666666,14963.76920887214
82352.0,85357.0,84141.1,610.4958831412421
83353.0,85358.0,84559.21666666666,438.8840048617752
84359.0,85364.0,84975.76666666666,483.985687346692

84379.0,85364.0,85292.5,244.14780359368078
85357.0,85364.0,85359.01666666666,2.5264711834147247
84359.0,85364.0,85344.05,128.27722907693587
85358.0,85364.0,85363.11666666667,2.1062737166430643

85364.0,85364.0,85364.0,0.0
85364.0,85364.0,85364.0,0.0
85364.0,85364.0,85364.0,0.0
85364.0,85364.0,85364.0,0.0

-1.0,88406.0,84921.25,11147.644154147549
85364.0,88406.0,87543.76666666666,1318.9886449685866
85364.0,88406.0,88338.6,407.9052259192255
88406.0,88406.0,88406.0,0.0

88406.0,88406.0,88406.0,0.0
87405.0,88406.0,88389.31666666667,128.1471148948648
88406.0,88406.0,88406.0,0.0
88406.0,88406.0,88406.0,0.0

88406.0,88406.0,88406.0,0.0
87405.0,88406.0,88389.31666666667,128.1471148948648
88406.0,88406.0,88406.0,0.0
88406.0,88408.0,88406.03333333334,0.2560363623305276

88406.0,88408.0,88406.1,0.43588831907839004
88406.0,88409.0,88406.36666666667,0.8938054634437707
88406.0,88409.0,88406.95,1.2031210366716376
88406.0,88409.0,88407.96666666666,1.1396886038872927

88406.0,89409.0,88758.06666666667,476.2922375549645
88406.0,89409.0,89107.8,457.6544839352817
89406.0,89409.0,89407.91666666667,0.9361562635611042
89407.0,89409.0,89408.63333333333,0.6315770274685238

89407.0,89409.0,89408.9,0.3511893093037404
89408.0,89409.0,89408.98333333334,0.1280153875638589
89409.0,89409.0,89409.0,0.0
89409.0,89409.0,89409.0,0.0

88408.0,89410.0,89392.33333333333,128.14934864079584
89409.0,89410.0,89409.01666666666,0.12802283703213974
89409.0,89410.0,89409.03333333334,0.17950164471141083
89409.0,89411.0,89409.13333333333,0.38586207591052085

89409.0,89411.0,89409.3,0.5259901972100195
89409.0,89412.0,89409.9,0.7461014192995878
89409.0,89412.0,89410.63333333333,0.7520342894507973
89410.0,89412.0,89411.26666666666,0.5120764494087406

89411.0,89412.0,89411.55,0.49749318180491964
89411.0,89412.0,89411.95,0.2179463474150519
89412.0,89412.0,89412.0,0.0
89411.0,89412.0,89411.96666666666,0.1795096138847465

89412.0,89412.0,89412.0,0.0
89412.0,89412.0,89412.0,0.0
89412.0,89412.0,89412.0,0.0
89412.0,89412.0,89412.0,0.0

89412.0,89413.0,89412.3,0.4582565705722682
89412.0,89413.0,89412.68333333333,0.465175990774006
89412.0,89413.0,89412.98333333334,0.1280153875638589
89413.0,89413.0,89413.0,0.0

89413.0,89414.0,89413.38333333333,0.4861986838281753
89413.0,89414.0,89413.85,0.35706949842990565
89413.0,89414.0,89413.96666666666,0.1795096138847465
89414.0,89414.0,89414.0,0.0

89414.0,89416.0,89414.5,0.846561410423752
89414.0,89416.0,89415.21666666666,0.9145433514196998
89414.0,89416.0,89415.9,0.3958127200464709
89415.0,89416.0,89415.98333333334,0.12801911235218516

89415.0,89416.0,89415.98333333334,0.12801911235218516
89416.0,89416.0,89416.0,0.0
89416.0,89416.0,89416.0,0.0
89416.0,89416.0,89416.0,0.0

89415.0,89417.0,89416.08333333333,0.33124476014797316
88416.0,89417.0,89366.25,218.00272360683937
89414.0,89417.0,89416.45,0.8046744632590803
89416.0,89417.0,89416.86666666667,0.33993493972321953

89416.0,89418.0,89417.28333333334,0.5193467350325454
89417.0,89418.0,89417.7,0.4582586516600522
89417.0,89419.0,89417.95,0.2843138912063745
89418.0,89419.0,89418.05,0.21794415953919502

89416.0,89419.0,89418.1,0.4358894130204366
89418.0,89419.0,89418.35,0.47696856099612156
89418.0,89419.0,89418.68333333333,0.465175990774006
89418.0,89419.0,89418.95,0.2179463474150519

89417.0,89419.0,89418.93333333333,0.3590112586846054
89419.0,89419.0,89419.0,0.0
89418.0,89419.0,89418.96666666666,0.1795069575329446
89418.0,89419.0,89418.98333333334,0.1280153875638589

89419.0,89419.0,89419.0,0.0
89419.0,89419.0,89419.0,0.0
89417.0,89419.0,89418.96666666666,0.2560400870646666
89419.0,89419.0,89419.0,0.0

89419.0,89421.0,89419.5,0.7852813469217528
89417.0,89421.0,89420.36666666667,0.8557000391888919
89420.0,89421.0,89420.88333333333,0.32102180658823753
89421.0,89421.0,89421.0,0.0

89421.0,89421.0,89421.0,0.0
89421.0,89421.0,89421.0,0.0
89421.0,89421.0,89421.0,0.0
89421.0,89421.0,89421.0,0.0

89420.0,89422.0,89421.0,0.18257540464517025
89421.0,89422.0,89421.03333333334,0.17950164471141083
88420.0,89422.0,89404.38333333333,128.15681691801285
89421.0,89422.0,89421.43333333333,0.4955349876761786

89421.0,89422.0,89421.78333333334,0.4119716613060154
89421.0,89422.0,89421.98333333334,0.12801911235218516
89421.0,89422.0,89421.98333333334,0.12801911235218516
88420.0,89422.0,89405.26666666666,128.27091989312416

89422.0,89422.0,89422.0,0.0
89421.0,89422.0,89421.96666666666,0.1795096138847465
89422.0,89422.0,89422.0,0.0
88419.0,89422.0,89405.28333333334,128.40315308205115
