-1.0,58501.0,33409.316666666666,16445.572887043363
-1.0,63331.0,36124.88333333333,20263.653439176647
-1.0,68364.0,46143.916666666664,19297.929123174217
-1.0,68364.0,45553.0,25421.146714235118

-1.0,78392.0,54811.316666666666,23389.59218077681
-1.0,83334.0,62695.333333333336,19378.207550980787
-1.0,83334.0,48576.583333333336,34585.87290512879
-1.0,83334.0,62532.8,29968.815234506677

-1.0,90432.0,73760.55,25147.427902554293
-1.0,90432.0,72710.53333333334,32634.470969853664
-1.0,90432.0,84708.8,19506.45297314028
-1.0,90432.0,87133.3,16205.167882808239

89433.0,91450.0,90569.65,391.1009172856521
-1.0,91451.0,87828.41666666667,16316.856040397444
90432.0,91452.0,91348.86666666667,302.52242157495124
-1.0,91452.0,88352.01666666666,16408.1833246825

-1.0,95439.0,86166.76666666666,23072.295010370253
-1.0,95439.0,85772.08333333333,25900.51894930016
-1.0,95440.0,88195.8,23583.809754292597
94442.0,95440.0,94958.0,497.34404590824397

94440.0,96420.0,95388.5,334.7402226599193
95439.0,96420.0,95505.3,244.46555994627835
-1.0,96421.0,92453.5,17176.638472549486
-1.0,96421.0,94454.18333333333,12305.974922087898

95444.0,96421.0,96387.73333333334,175.2477167337215
96420.0,96424.0,96420.8,0.7483311205224481
96420.0,96424.0,96421.53333333334,1.1469758781949744
96421.0,96424.0,96422.65,1.4239031401706685

96421.0,96425.0,96423.58333333333,0.9881249104354403
96421.0,96424.0,96423.85,0.653834666500763
96423.0,96424.0,96423.96666666666,0.1795069575329446
96424.0,96424.0,96424.0,0.0

96424.0,96424.0,96424.0,0.0
96423.0,96424.0,96423.98333333334,0.1280153875638589
96423.0,96424.0,96423.96666666666,0.1795069575329446
95423.0,96424.0,96407.31666666667,128.1471148948648

96423.0,96426.0,96424.65,0.9630678953833753
96422.0,96428.0,96425.3,1.2013878108750482
96424.0,96428.0,96426.3,0.8621669845103601
96424.0,96429.0,96427.18333333333,1.07225050507327

96426.0,96429.0,96427.98333333334,0.465175990774006
96428.0,96429.0,96428.3,0.4582565705722682
96428.0,96429.0,96428.68333333333,0.465175990774006
96427.0,96429.0,96428.83333333333,0.5217494790806201

96428.0,96429.0,96428.98333333334,0.1280153875638589
96428.0,96429.0,96428.98333333334,0.1280153875638589
96427.0,96429.0,96428.9,0.3958127200464709
96429.0,96429.0,96429.0,0.0

96426.0,96431.0,96429.26666666666,0.9104338783249214
96429.0,96431.0,96429.98333333334,0.6452824694132262
96429.0,96431.0,96430.56666666667,0.5878403347468371
96430.0,96431.0,96430.98333333334,0.1280153875638589

96430.0,96431.0,96430.96666666666,0.1795069575329446
95429.0,96431.0,96397.6,179.86450455765618
96431.0,96433.0,96431.03333333334,0.25603449994313815
96431.0,96433.0,96431.1,0.43588831907839004

96431.0,96433.0,96431.26666666666,0.6798698794464391
96431.0,96433.0,96431.7,0.9539391214391563
96431.0,96433.0,96432.53333333334,0.8459038265024023
96433.0,96433.0,96433.0,0.0

96433.0,96433.0,96433.0,0.0
96433.0,96433.0,96433.0,0.0
96433.0,96433.0,96433.0,0.0
96431.0,96433.0,96432.96666666666,0.2560419494114166

96433.0,96433.0,96433.0,0.0
96432.0,96433.0,96432.98333333334,0.1280153875638589
96432.0,96433.0,96432.98333333334,0.1280153875638589
96433.0,96433.0,96433.0,0.0

96433.0,96434.0,96433.36666666667,0.4818937677471609
96433.0,96434.0,96433.81666666667,0.38693816770885087
96433.0,96434.0,96433.96666666666,0.1795122701972408
96434.0,96434.0,96434.0,0.0

96434.0,96436.0,96434.45,0.7170549390698953
96433.0,96436.0,96434.91666666667,0.9881239452995834
96434.0,96436.0,96435.73333333334,0.5120745870382846
96434.0,96436.0,96435.95,0.2843122140510213

96436.0,96436.0,96436.0,0.0
96435.0,96436.0,96435.98333333334,0.1280153875638589
96434.0,96436.0,96435.95,0.2843122140510213
96436.0,96436.0,96436.0,0.0

95434.0,96436.0,96402.6,179.86450455765618
96436.0,96437.0,96436.01666666666,0.1280153875638589
96436.0,96437.0,96436.05,0.2179419716413745
96435.0,96438.0,96436.2,0.5416040628886567

96435.0,96438.0,96436.5,0.7416193343357136
96436.0,96438.0,96437.18333333333,0.7851040191737981
96436.0,96438.0,96437.88333333333,0.36931109655026106
96438.0,96438.0,96438.0,0.0

96438.0,96438.0,96438.0,0.0
96435.0,96438.0,96437.9,0.5385191016816178
96438.0,96438.0,96438.0,0.0
96438.0,96438.0,96438.0,0.0

96438.0,96438.0,96438.0,0.0
96436.0,96438.0,96437.96666666666,0.2560419494114166
96438.0,96438.0,96438.0,0.0
96436.0,96439.0,96437.98333333334,0.28819350481199313

96438.0,96439.0,96438.08333333333,0.2763896164706146
96438.0,96439.0,96438.21666666666,0.41197513364545135
96436.0,96439.0,96438.58333333333,0.5857095910924255
96438.0,96439.0,96438.96666666666,0.1795069575329446

96439.0,96439.0,96439.0,0.0
96438.0,96439.0,96438.98333333334,0.1280153875638589
96439.0,96439.0,96439.0,0.0
96439.0,96439.0,96439.0,0.0

96438.0,96439.0,96438.98333333334,0.1280153875638589
96439.0,96439.0,96439.0,0.0
95438.0,96439.0,96422.21666666666,128.13522696268456
96439.0,96439.0,96439.0,0.0

96439.0,96439.0,96439.0,0.0
96437.0,96439.0,96438.96666666666,0.2560382247043703
96439.0,96439.0,96439.0,0.0
96439.0,96439.0,96439.0,0.0

96439.0,96439.0,96439.0,0.0
95438.0,96439.0,96422.25,128.13893826475436
96436.0,96439.0,96438.7,0.7810253583281164
96438.0,96439.0,96438.98333333334,0.1280153875638589

96437.0,96439.0,96438.88333333333,0.41197513364545135
96437.0,96439.0,96438.93333333333,0.3590112586846054
96439.0,96439.0,96439.0,0.0
96438.0,96439.0,96438.98333333334,0.1280153875638589
