-1.0,55318.0,34968.3,17754.92012870423
-1.0,73333.0,39244.38333333333,20328.24593194707
-1.0,73333.0,37824.916666666664,24389.000492907777
-1.0,73341.0,41822.86666666667,24813.284493369447

-1.0,73341.0,45585.55,27128.28676211418
-1.0,73341.0,56571.65,23265.368179495887
-1.0,73341.0,61280.11666666667,22910.02182385958
-1.0,73341.0,67836.38333333333,18227.61566972092

-1.0,78368.0,71481.95,13371.380756956249
-1.0,79362.0,70948.45,16445.713387207226
-1.0,79362.0,67900.96666666666,24769.35965998227
-1.0,79362.0,75902.88333333333,14121.966477904392

-1.0,86368.0,75151.15,20202.159289561958
-1.0,86368.0,75711.81666666667,22896.412672797793
-1.0,86368.0,82042.9,10740.200303377369
-1.0,86368.0,81166.58333333333,15115.700721756928

-1.0,87418.0,75446.56666666667,27467.78120900112
-1.0,87418.0,80432.4,21567.105700734795
-1.0,87418.0,81359.26666666666,21752.949795270437
87397.0,87418.0,87412.93333333333,5.796167376737431

87416.0,87422.0,87418.16666666667,1.05145355612527
87416.0,87422.0,87418.86666666667,1.2840905684380912
87416.0,87422.0,87420.13333333333,1.627540949293128
87420.0,87422.0,87421.46666666666,0.8844341137004219

87422.0,87422.0,87422.0,0.0
87421.0,87422.0,87421.96666666666,0.1795069575329446
87422.0,87422.0,87422.0,0.0
87422.0,87422.0,87422.0,0.0

87422.0,87422.0,87422.0,0.0
87422.0,87422.0,87422.0,0.0
87421.0,87422.0,87421.98333333334,0.1280153875638589
87421.0,87422.0,87421.98333333334,0.1280153875638589

87422.0,87422.0,87422.0,0.0
87422.0,87422.0,87422.0,0.0
87422.0,87422.0,87422.0,0.0
87421.0,87422.0,87421.96666666666,0.1795069575329446

87419.0,87422.0,87421.95,0.3840573370565555
87422.0,87422.0,87422.0,0.0
87422.0,87422.0,87422.0,0.0
87422.0,87422.0,87422.0,0.0

87421.0,87422.0,87421.96666666666,0.1795069575329446
87422.0,87422.0,87422.0,0.0
87422.0,87422.0,87422.0,0.0
87422.0,87422.0,87422.0,0.0

87422.0,87423.0,87422.03333333334,0.17950430114183327
87422.0,87423.0,87422.13333333333,0.33993493972321953
87422.0,87424.0,87422.36666666667,0.5467066914552388
87422.0,87424.0,87422.93333333333,0.573488354831588

87423.0,87424.0,87423.43333333333,0.49553594994263217
87423.0,87424.0,87423.9,0.30000184376467925
87424.0,87424.0,87424.0,0.0
87424.0,87424.0,87424.0,0.0

87424.0,87424.0,87424.0,0.0
87424.0,87424.0,87424.0,0.0
86423.0,87424.0,87407.31666666667,128.1471148948648
87424.0,87424.0,87424.0,0.0

87423.0,87425.0,87424.0,0.18257540464517025
87424.0,87425.0,87424.1,0.2999970753845074
87423.0,87425.0,87424.33333333333,0.5374847764809069
87424.0,87425.0,87424.73333333334,0.4422167872782348

86423.0,88427.0,87692.2,513.0029824478797
87425.0,88427.0,88159.65,442.9354288928266
88426.0,88427.0,88426.9,0.30000184376467925
88426.0,88427.0,88426.96666666666,0.1795069575329446

88427.0,88427.0,88427.0,0.0
88427.0,88427.0,88427.0,0.0
88427.0,88427.0,88427.0,0.0
88427.0,88427.0,88427.0,0.0

88427.0,88427.0,88427.0,0.0
87426.0,88427.0,88410.31666666667,128.1471148948648
88426.0,88427.0,88426.96666666666,0.1795069575329446
88427.0,88427.0,88427.0,0.0

88427.0,88427.0,88427.0,0.0
88425.0,88427.0,88426.86666666667,0.49888773228191
88426.0,88428.0,88427.0,0.18257540464517025
88427.0,88428.0,88427.05,0.21794415953919502

88426.0,88428.0,88427.51666666666,0.5624847410039713
88427.0,88428.0,88427.9,0.30000184376467925
87427.0,88428.0,88411.3,128.14500900339968
88428.0,88428.0,88428.0,0.0

88428.0,88429.0,88428.31666666667,0.465175990774006
88428.0,88429.0,88428.68333333333,0.465175990774006
88429.0,88429.0,88429.0,0.0
88428.0,88430.0,88429.0,0.18257540464517025

88429.0,88430.0,88429.06666666667,0.2494443440407615
87429.0,88430.0,88395.8,179.53057306890796
88429.0,88430.0,88429.35,0.47696856099612156
88429.0,88430.0,88429.7,0.4582586516600522

87429.0,88430.0,88396.55,179.6697363682633
88430.0,88430.0,88430.0,0.0
88427.0,88430.0,88429.86666666667,0.5906685626399235
88430.0,88430.0,88430.0,0.0

88428.0,88430.0,88429.93333333333,0.3091202120226968
88430.0,88430.0,88430.0,0.0
88430.0,88430.0,88430.0,0.0
88430.0,88430.0,88430.0,0.0

88430.0,88430.0,88430.0,0.0
88428.0,88430.0,88429.96666666666,0.2560419494114166
88428.0,88430.0,88429.96666666666,0.2560419494114166
-1.0,88430.0,86939.43333333333,11319.406953497552

88430.0,88430.0,88430.0,0.0
88430.0,88430.0,88430.0,0.0
87428.0,88430.0,88396.53333333334,179.85229742053212
88430.0,88430.0,88430.0,0.0

88429.0,88430.0,88429.96666666666,0.1795096138847465
88428.0,88430.0,88429.96666666666,0.2560419494114166
88430.0,88430.0,88430.0,0.0
88429.0,88430.0,88429.98333333334,0.12801911235218516

87429.0,88430.0,88413.31666666667,128.1471148948648
88430.0,88430.0,88430.0,0.0
88430.0,88430.0,88430.0,0.0
88429.0,88430.0,88429.95,0.2179463474150519

87429.0,88430.0,88396.63333333333,179.68499906706836
88430.0,88430.0,88430.0,0.0
88429.0,88430.0,88429.96666666666,0.1795096138847465
88429.0,88430.0,88429.98333333334,0.12801911235218516

88429.0,88431.0,88430.0,0.18257540464517025
88430.0,88431.0,88430.13333333333,0.33993493972321953
88430.0,88431.0,88430.45,0.49749414028378186
88430.0,88431.0,88430.85,0.3570708338457522
