-1.0,60515.0,31320.916666666668,19361.671397627895
-1.0,64425.0,30062.816666666666,24359.56610758333
-1.0,64425.0,44164.65,20649.26039097203
-1.0,64425.0,49920.15,21533.28677097004

-1.0,68450.0,59076.083333333336,15949.198903907016
-1.0,68538.0,63923.88333333333,8441.636188345768
64425.0,68538.0,66478.0,1960.2165951752324
64425.0,68538.0,67976.55,1234.5388670133643

-1.0,86432.0,63534.433333333334,26000.50183898167
-1.0,87432.0,64584.25,31613.179383829247
-1.0,87432.0,76243.23333333334,25906.95108419531
86432.0,87432.0,86765.33333333333,471.4045207921556

86431.0,90426.0,88010.6,1398.9189540497946
-1.0,91423.0,81735.48333333334,24684.958423765973
86411.0,91423.0,90252.3,1036.0104455711253
89413.0,92412.0,90988.1,587.7556096421386

90413.0,92426.0,91455.03333333334,406.4375707141452
91422.0,92426.0,91756.18333333333,471.2029107029412
91423.0,92427.0,92056.26666666666,481.8286302097944
91423.0,92427.0,92341.78333333334,277.0374879344512

92425.0,92427.0,92426.3,0.4932878093506912
92426.0,92427.0,92426.78333333334,0.4119716613060154
92427.0,92427.0,92427.0,0.0
92427.0,92428.0,92427.03333333334,0.17950164471141083

92427.0,92428.0,92427.15,0.35707350466246246
92427.0,92428.0,92427.51666666666,0.4997233579174003
92427.0,92428.0,92427.91666666667,0.27638444071586993
91427.0,92428.0,92411.31666666667,128.1471148948648

-1.0,92471.0,89357.35,16593.438349565553
-1.0,92471.0,86293.03333333334,23063.057269846537
92428.0,92471.0,92468.51666666666,9.104013216193449
92463.0,92471.0,92470.86666666667,1.024152433225608

92471.0,92471.0,92471.0,0.0
92471.0,92471.0,92471.0,0.0
92471.0,92471.0,92471.0,0.0
92471.0,92471.0,92471.0,0.0

92471.0,92471.0,92471.0,0.0
92471.0,92471.0,92471.0,0.0
92471.0,92471.0,92471.0,0.0
92470.0,92471.0,92470.98333333334,0.1280153875638589

92471.0,92473.0,92471.03333333334,0.2560363623305276
92471.0,92473.0,92471.26666666666,0.6798691780807534
92471.0,92473.0,92471.8,0.9797954299100686
92471.0,92473.0,92472.6,0.7999990224832285

92472.0,92473.0,92472.96666666666,0.1795096138847465
92473.0,92474.0,92473.03333333334,0.17950164471141083
92473.0,92474.0,92473.15,0.35707350466246246
92473.0,92474.0,92473.41666666667,0.4930054664540884

92473.0,92475.0,92473.76666666666,0.46067673370652834
92473.0,92475.0,92473.98333333334,0.22298153322675904
92474.0,92475.0,92474.1,0.2999970753845074
92474.0,92475.0,92474.41666666667,0.4930054664540884

92474.0,92475.0,92474.81666666667,0.3869394000411424
92475.0,92475.0,92475.0,0.0
92474.0,92475.0,92474.96666666666,0.1795096138847465
-1.0,92475.0,90933.73333333334,11838.69390299825

92475.0,92475.0,92475.0,0.0
92474.0,92476.0,92475.0,0.25819876662830693
92475.0,92476.0,92475.13333333333,0.33993493972321953
92475.0,92476.0,92475.46666666666,0.498888688081523

92475.0,92476.0,92475.78333333334,0.41197281875574593
92475.0,92476.0,92475.96666666666,0.1795069575329446
92476.0,92476.0,92476.0,0.0
92475.0,92476.0,92475.95,0.2179463474150519

92476.0,92476.0,92476.0,0.0
92475.0,92476.0,92475.98333333334,0.12801911235218516
-1.0,92476.0,90934.71666666666,11838.821922094128
92476.0,92476.0,92476.0,0.0

92476.0,92477.0,92476.26666666666,0.4422178655651533
92475.0,92477.0,92476.65,0.5107197802207111
92476.0,92477.0,92476.98333333334,0.1280153875638589
92477.0,92477.0,92477.0,0.0

92477.0,92477.0,92477.0,0.0
92477.0,92477.0,92477.0,0.0
92477.0,92478.0,92477.01666666666,0.12801911235218516
92475.0,92478.0,92477.03333333334,0.36362105033882697

-1.0,92478.0,90936.03333333334,11838.993348206894
92477.0,92478.0,92477.7,0.4582586516600522
92477.0,92478.0,92477.95,0.2179463474150519
92477.0,92479.0,92477.98333333334,0.28819350481199313

-1.0,92479.0,87854.2,20155.36518630546
92477.0,92479.0,92478.51666666666,0.5320303178910704
92478.0,92479.0,92478.93333333333,0.2494443440407615
92479.0,92479.0,92479.0,0.0

-1.0,92479.0,87855.0,20155.548714932076
92479.0,92480.0,92479.01666666666,0.12801911235218516
-1.0,92480.0,90937.75,11839.216831678521
92478.0,92480.0,92479.18333333333,0.4997224037142279

92479.0,92482.0,92480.0,0.8755948905478581
92479.0,92482.0,92480.88333333333,0.7092641063170796
92481.0,92482.0,92481.45,0.49749509876079745
92481.0,92482.0,92481.75,0.4330127018922193

92481.0,92482.0,92481.98333333334,0.12801911235218516
92481.0,92482.0,92481.98333333334,0.12801911235218516
92482.0,92482.0,92482.0,0.0
92481.0,92482.0,92481.96666666666,0.1795096138847465

92482.0,92482.0,92482.0,0.0
92482.0,92482.0,92482.0,0.0
92481.0,92482.0,92481.96666666666,0.1795096138847465
92482.0,92482.0,92482.0,0.0

92481.0,92482.0,92481.96666666666,0.1795096138847465
92479.0,92482.0,92481.83333333333,0.6624873609956675
92482.0,92482.0,92482.0,0.0
92482.0,92482.0,92482.0,0.0

92482.0,92482.0,92482.0,0.0
92482.0,92482.0,92482.0,0.0
92482.0,92482.0,92482.0,0.0
92481.0,92482.0,92481.96666666666,0.1795096138847465

91480.0,92482.0,92465.3,128.27513399029792
92482.0,92482.0,92482.0,0.0
92480.0,92482.0,92481.86666666667,0.49888677648046587
92482.0,92482.0,92482.0,0.0

92482.0,92482.0,92482.0,0.0
92482.0,92482.0,92482.0,0.0
92480.0,92482.0,92481.96666666666,0.2560419494114166
92482.0,92482.0,92482.0,0.0

92479.0,92482.0,92481.95,0.3840573370565555
92481.0,92482.0,92481.93333333333,0.249442432436042
92481.0,92482.0,92481.96666666666,0.1795096138847465
92482.0,92482.0,92482.0,0.0
