-1.0,59490.0,31981.95,18917.741972748758
-1.0,64431.0,35154.03333333333,21924.508826095862
-1.0,64431.0,43522.96666666667,21079.728530009324
-1.0,64431.0,51453.083333333336,17513.4514847794

-1.0,75415.0,57218.26666666667,20108.532458359277
-1.0,75415.0,54688.25,29376.65128046706
-1.0,77445.0,61982.916666666664,27812.457733476003
73372.0,77445.0,75519.43333333333,878.1079729866206

75414.0,77447.0,76260.98333333334,981.5706544728657
75415.0,77446.0,76989.5,810.3534311233568
76433.0,77446.0,77410.48333333334,181.5284634857471
77445.0,77446.0,77445.06666666667,0.2494443440407615

-1.0,100406.0,79170.06666666667,23559.138712232725
-1.0,100406.0,83668.2,27627.943674716975
-1.0,100406.0,95384.9,21883.026253011754
100405.0,100406.0,100405.55,0.49749318180491964

100405.0,100412.0,100407.58333333333,2.794588145038661
100405.0,100413.0,100409.83333333333,2.8645343198339996
100406.0,100413.0,100411.68333333333,1.3353112967227057
100412.0,100413.0,100412.1,0.2999970753845074

100412.0,100413.0,100412.41666666667,0.49300643365774616
100412.0,100413.0,100412.85,0.35706949842990565
-1.0,100414.0,97065.78333333334,18024.849162652863
-1.0,100414.0,98739.53333333334,12854.922510419423

-1.0,100414.0,98739.83333333333,12854.961570235178
99411.0,100415.0,100397.13333333333,128.3846390921031
100414.0,100415.0,100414.05,0.2179463474150519
100414.0,100415.0,100414.1,0.2999970753845074

100413.0,103428.0,101268.18333333333,1332.8529862874962
-1.0,103429.0,98942.85,18426.297981259413
-1.0,103429.0,101671.41666666667,13237.821485289329
103426.0,103429.0,103428.58333333333,0.665624598829838

103427.0,103429.0,103428.83333333333,0.48876343379375997
103429.0,103429.0,103429.0,0.0
102428.0,103430.0,103412.31666666667,128.147375015778
103428.0,103430.0,103429.05,0.2843122140510213

103428.0,104430.0,103729.08333333333,458.23961314631896
-1.0,104430.0,98807.71666666666,22673.378347077516
103428.0,104431.0,104362.56666666667,249.50667103275376
104429.0,104431.0,104429.66666666667,0.5676441214641551

-1.0,104430.0,102689.28333333334,13369.136172657292
103429.0,104431.0,104396.61666666667,179.68204247720107
104429.0,104431.0,104430.08333333333,0.3312461996760184
104429.0,104431.0,104430.25,0.4699285314885991

104429.0,104431.0,104430.53333333334,0.5312446145177394
104428.0,104431.0,104430.88333333333,0.4506177265146354
104431.0,104431.0,104431.0,0.0
104430.0,104431.0,104430.98333333334,0.1280153875638589

104431.0,104431.0,104431.0,0.0
104430.0,104432.0,104431.0,0.18257279289924677
104430.0,104432.0,104431.05,0.3840560954765023
103430.0,104432.0,104314.38333333333,321.4044747473723

104431.0,104432.0,104431.56666666667,0.49553594994263217
104431.0,105433.0,104448.6,128.15826153240445
-1.0,105433.0,102758.1,13380.4229040042
104432.0,105433.0,104598.83333333333,373.05067424848727

104432.0,105433.0,104899.13333333333,499.3865392218276
104432.0,105433.0,105232.8,400.39999999980944
105433.0,105433.0,105433.0,0.0
-1.0,105433.0,103659.06666666667,13496.00063706114

-1.0,105433.0,101918.53333333334,18925.982209180587
105433.0,105434.0,105433.01666666666,0.12802283703213974
105433.0,105434.0,105433.03333333334,0.17950164471141083
105433.0,105434.0,105433.1,0.3000002543130432

105433.0,105434.0,105433.38333333333,0.4861986838281753
105433.0,105434.0,105433.66666666667,0.47140362165740596
105433.0,105435.0,105433.96666666666,0.2560419494114166
105434.0,105435.0,105434.03333333334,0.17950164471141083

105434.0,105435.0,105434.11666666667,0.3210232919579079
104432.0,105435.0,105417.71666666666,128.33031490458808
105433.0,105436.0,105434.81666666667,0.4997214495092335
-1.0,105436.0,103677.76666666666,13497.825730300223

105435.0,105436.0,105435.25,0.4330127018922193
105435.0,105436.0,105435.65,0.47697056044093933
105435.0,105437.0,105435.96666666666,0.2560419494114166
104433.0,105437.0,105419.33333333333,128.40984732517862

105436.0,105437.0,105436.23333333334,0.42295191325120113
105435.0,105437.0,105436.53333333334,0.5312446145177394
105436.0,105437.0,105436.96666666666,0.1795069575329446
105436.0,105437.0,105436.98333333334,0.1280153875638589

105436.0,105438.0,105437.0,0.18257279289924677
-1.0,105439.0,101922.43333333333,18926.70642537213
105436.0,105439.0,105437.11666666667,0.4861986838281753
-1.0,105439.0,103680.15,13498.136026658203

105437.0,105439.0,105438.31666666667,0.8264707921862176
105438.0,105439.0,105438.93333333333,0.249442432436042
105439.0,105439.0,105439.0,0.0
-1.0,105439.0,103648.3,13495.185075055439

105439.0,105439.0,105439.0,0.0
105437.0,105439.0,105438.96666666666,0.2560382247043703
105439.0,105439.0,105439.0,0.0
104438.0,105439.0,105422.31666666667,128.1471148948648

105437.0,105439.0,105438.96666666666,0.2560382247043703
105439.0,105439.0,105439.0,0.0
105439.0,105439.0,105439.0,0.0
105439.0,105439.0,105439.0,0.0

105439.0,105439.0,105439.0,0.0
104437.0,105439.0,105405.6,179.86450455765618
-1.0,105439.0,103664.96666666666,13496.768716951816
105439.0,105439.0,105439.0,0.0

105439.0,105439.0,105439.0,0.0
104437.0,105439.0,105405.6,179.86450455765618
105439.0,105439.0,105439.0,0.0
-1.0,105439.0,103681.66666666667,13498.333460921069

-1.0,105439.0,101924.33333333333,18927.059242142113
105439.0,105439.0,105439.0,0.0
-1.0,105439.0,103681.66666666667,13498.333460921069
105439.0,105439.0,105439.0,0.0

105439.0,105439.0,105439.0,0.0
105439.0,105439.0,105439.0,0.0
105439.0,105439.0,105439.0,0.0
105439.0,105439.0,105439.0,0.0

105439.0,105439.0,105439.0,0.0
105438.0,105439.0,105438.93333333333,0.249442432436042
105439.0,105439.0,105439.0,0.0
105439.0,105439.0,105439.0,0.0

105439.0,105439.0,105439.0,0.0
105439.0,105439.0,105439.0,0.0
105439.0,105439.0,105439.0,0.0
105439.0,105439.0,105439.0,0.0
