-1.0,59536.0,29769.916666666668,19717.132605335617
-1.0,69385.0,39003.15,19994.7682764142
-1.0,69385.0,40662.85,24521.22157426434
-1.0,76436.0,55742.833333333336,19503.753726028106

-1.0,76436.0,61980.76666666667,17265.037927718404
-1.0,76436.0,68448.31666666667,12996.156632496728
69385.0,76439.0,73261.8,3349.6553942158403
-1.0,76441.0,74422.35,9880.493659773918

-1.0,84528.0,69067.3,25238.763866520883
-1.0,84528.0,63691.0,31970.112154427406
-1.0,84528.0,74933.4,22750.606881429216
-1.0,84532.0,79691.73333333334,18305.991962439173

82494.0,88451.0,84817.45,1036.6570378707813
-1.0,88451.0,83977.91666666667,11016.066377934329
82458.0,88463.0,86478.93333333333,1655.1687312442507
85468.0,88463.0,87728.6,1187.0842036965205

87450.0,88480.0,88432.48333333334,177.86179012966835
88451.0,88480.0,88475.78333333334,9.208857410643859
88463.0,88480.0,88479.71666666666,2.1763249099871476
88480.0,88481.0,88480.03333333334,0.17950164471141083

88479.0,88484.0,88481.38333333333,1.9243326987424028
-1.0,88484.0,79634.76666666666,26545.25559955218
88483.0,88484.0,88483.95,0.2179463474150519
88484.0,88484.0,88484.0,0.0

-1.0,98447.0,76359.08333333333,34395.79518356456
-1.0,98447.0,89588.25,24223.8366632435
-1.0,98447.0,96239.78333333334,12666.349549221164
98440.0,98447.0,98446.81666666667,0.9218036171383447

98447.0,98447.0,98447.0,0.0
98444.0,98447.0,98446.95,0.3840585786325949
98447.0,98447.0,98447.0,0.0
98447.0,98447.0,98447.0,0.0

98447.0,99449.0,98463.7,128.2751339977325
98447.0,99449.0,98480.4,179.86450456295836
98446.0,99449.0,98597.28333333334,357.7459569605272
98446.0,99449.0,98914.56666666667,499.81647854216453

-1.0,99449.0,95850.28333333334,17804.7743279639
98449.0,99449.0,99432.3,128.01488194528767
99447.0,99449.0,99448.93333333333,0.3590112586846054
99449.0,99449.0,99449.0,0.0

-1.0,99449.0,97791.5,12731.499077092218
99449.0,99449.0,99449.0,0.0
99449.0,99449.0,99449.0,0.0
99447.0,99449.0,99448.9,0.43589050695973774

99447.0,99449.0,99448.96666666666,0.2560419494114166
99449.0,99449.0,99449.0,0.0
-1.0,99449.0,97791.5,12731.499077092218
99446.0,99449.0,99448.85,0.653834666500763

-1.0,99455.0,96136.3,17852.24864855964
99449.0,99456.0,99454.01666666666,2.012392275752615
99455.0,99456.0,99455.11666666667,0.32102032121169427
-1.0,99456.0,97797.9,12732.332295773718

99455.0,99456.0,99455.8,0.3999974250710579
99455.0,99456.0,99455.98333333334,0.12802283703213974
99455.0,99456.0,99455.98333333334,0.12802283703213974
99456.0,99456.0,99456.0,0.0

99455.0,99457.0,99456.0,0.18257279289924677
99456.0,99457.0,99456.05,0.2179419716413745
99455.0,99457.0,99456.15,0.40104272355109655
99454.0,99457.0,99456.43333333333,0.5878403347468371

99456.0,99457.0,99456.9,0.3000034332078942
99454.0,99457.0,99456.85,0.653834666500763
99457.0,99457.0,99457.0,0.0
-1.0,99457.0,97799.33333333333,12732.518892801867

99457.0,99458.0,99457.26666666666,0.4422178655651533
99457.0,99458.0,99457.71666666666,0.4506177265146354
99457.0,99458.0,99457.95,0.2179463474150519
99458.0,99458.0,99458.0,0.0

99456.0,99458.0,99457.96666666666,0.2560382247043703
99458.0,99458.0,99458.0,0.0
-1.0,99458.0,97800.35,12732.651248954375
99457.0,99458.0,99457.98333333334,0.1280153875638589

99458.0,99458.0,99458.0,0.0
99458.0,99458.0,99458.0,0.0
99458.0,99458.0,99458.0,0.0
-1.0,99459.0,92827.41666666667,24809.437924770788

99458.0,99459.0,99458.16666666667,0.3726785649110244
99458.0,99459.0,99458.53333333334,0.49888677648046587
99458.0,99460.0,99458.85,0.4406429205963483
99458.0,99460.0,99459.1,0.35118523594577417

99458.0,99460.0,99459.28333333334,0.4861967223332724
99459.0,99460.0,99459.66666666667,0.47140362165740596
99459.0,99460.0,99459.96666666666,0.1795069575329446
99460.0,99460.0,99460.0,0.0

99458.0,99460.0,99459.93333333333,0.3091186694566354
99459.0,99460.0,99459.98333333334,0.1280153875638589
99458.0,99460.0,99459.96666666666,0.2560382247043703
99460.0,99460.0,99460.0,0.0

99458.0,99460.0,99459.93333333333,0.35900860228366654
99458.0,99460.0,99459.91666666667,0.33124332061367195
99460.0,99460.0,99460.0,0.0
99460.0,99460.0,99460.0,0.0

99460.0,99460.0,99460.0,0.0
99460.0,99460.0,99460.0,0.0
99460.0,99460.0,99460.0,0.0
99460.0,99460.0,99460.0,0.0

99460.0,99462.0,99460.56666666667,0.9012343948431186
99460.0,99462.0,99461.3,0.9539391214391563
99460.0,99462.0,99461.86666666667,0.4268751179595829
-1.0,99462.0,97804.28333333334,12733.163325337506

99462.0,99462.0,99462.0,0.0
99460.0,99462.0,99461.96666666666,0.2560419494114166
99462.0,99462.0,99462.0,0.0
-1.0,99462.0,96146.53333333334,17854.148718123997

99459.0,99462.0,99461.95,0.3840585786325949
99462.0,99462.0,99462.0,0.0
99462.0,99462.0,99462.0,0.0
99461.0,99462.0,99461.98333333334,0.1280153875638589

-1.0,99462.0,97804.25,12733.158986971786
99461.0,99462.0,99461.98333333334,0.1280153875638589
99462.0,99462.0,99462.0,0.0
99462.0,99462.0,99462.0,0.0

99461.0,99462.0,99461.93333333333,0.24944625563083161
99462.0,99462.0,99462.0,0.0
99462.0,99462.0,99462.0,0.0
-1.0,99462.0,96146.56666666667,17854.154907067335

99462.0,99462.0,99462.0,0.0
99462.0,99462.0,99462.0,0.0
99462.0,99462.0,99462.0,0.0
99459.0,99462.0,99461.9,0.538517330758578
