-1.0,53377.0,32975.4,16525.583735731292
-1.0,62445.0,34082.88333333333,20348.419389960545
-1.0,76370.0,42657.166666666664,20201.26036180801
-1.0,76370.0,48845.7,20409.007483053498

-1.0,81392.0,51576.75,25262.5595639245
-1.0,81392.0,54832.26666666667,25350.078984010197
-1.0,82387.0,58095.066666666666,29687.111157799707
-1.0,82387.0,71100.71666666666,21945.34457775475

-1.0,87370.0,76283.25,17715.914243625706
-1.0,87370.0,76428.95,20517.991260050283
-1.0,87380.0,71212.8,29975.624496024535
-1.0,89392.0,76446.95,25568.17440975206

-1.0,89392.0,74712.43333333333,29365.358556393545
82387.0,89392.0,87627.61666666667,1078.4521638543713
87370.0,89393.0,88133.7,912.7117343389632
86380.0,89393.0,88973.38333333333,785.1029675925045

89392.0,89393.0,89392.41666666667,0.4930054664540884
89392.0,90391.0,89409.46666666666,127.78542779486602
89393.0,90391.0,89426.38333333333,179.12510448221167
89393.0,90391.0,89509.71666666666,320.2779569729203

89392.0,90391.0,89726.01666666666,470.2144366033738
89393.0,90392.0,90125.1,440.90768875037656
89394.0,90392.0,90357.81666666667,178.9764874402498
90391.0,90392.0,90391.23333333334,0.42295191325120113

89393.0,95418.0,92368.4,2461.304756967018
89392.0,95418.0,94395.7,2003.6150021068881
95417.0,95418.0,95417.1,0.2999970753845074
95416.0,95418.0,95417.38333333333,0.5193494894691956

-1.0,95419.0,79514.63333333333,35560.4722840622
95417.0,95419.0,95418.05,0.33788498008290485
95418.0,95419.0,95418.25,0.4330127018922193
95418.0,95419.0,95418.63333333333,0.4818937677471609

95417.0,95421.0,95418.95,0.42524559554252916
95418.0,95421.0,95419.2,0.6531984132821036
95418.0,95421.0,95419.73333333334,0.9104328308299987
93417.0,95421.0,95320.28333333334,436.6438324168043

95420.0,95421.0,95420.98333333334,0.12802283703213974
94420.0,95423.0,95404.28333333334,128.14381135128718
95420.0,95423.0,95421.21666666666,0.5193476531797185
95420.0,95423.0,95421.7,0.6658337476185578

95421.0,95424.0,95422.58333333333,0.6400963067073201
95422.0,95424.0,95423.08333333333,0.41998773102778514
94423.0,95424.0,95373.4,218.03724452434983
95423.0,95424.0,95423.75,0.4330127018922193

-1.0,95424.0,93833.56666666667,12216.220047361454
95423.0,95424.0,95423.95,0.2179463474150519
95424.0,95424.0,95424.0,0.0
95424.0,95424.0,95424.0,0.0

95424.0,95425.0,95424.31666666667,0.465175990774006
95424.0,95425.0,95424.7,0.4582565705722682
95424.0,95425.0,95424.96666666666,0.1795069575329446
95425.0,95425.0,95425.0,0.0

95425.0,95425.0,95425.0,0.0
95422.0,95425.0,95424.95,0.3840585786325949
95424.0,95425.0,95424.98333333334,0.1280153875638589
95425.0,95425.0,95425.0,0.0

95425.0,95425.0,95425.0,0.0
95424.0,95425.0,95424.98333333334,0.1280153875638589
95424.0,95425.0,95424.98333333334,0.1280153875638589
95425.0,95425.0,95425.0,0.0

95425.0,95427.0,95425.5,0.8660254037844386
95425.0,95427.0,95426.5,0.8660254037844386
95425.0,95427.0,95426.93333333333,0.3590112586846054
95427.0,95427.0,95427.0,0.0

95427.0,95427.0,95427.0,0.0
95426.0,95427.0,95426.98333333334,0.1280153875638589
94426.0,95427.0,95410.31666666667,128.1471148948648
95427.0,95427.0,95427.0,0.0

95427.0,95427.0,95427.0,0.0
95427.0,95427.0,95427.0,0.0
95427.0,95427.0,95427.0,0.0
95425.0,95427.0,95426.96666666666,0.2560419494114166

95427.0,95427.0,95427.0,0.0
95426.0,95427.0,95426.96666666666,0.1795122701972408
95426.0,95427.0,95426.96666666666,0.1795122701972408
95425.0,95427.0,95426.96666666666,0.2560419494114166

95427.0,95427.0,95427.0,0.0
95425.0,95427.0,95426.96666666666,0.2560419494114166
95427.0,95427.0,95427.0,0.0
95427.0,95427.0,95427.0,0.0

94426.0,95427.0,95410.3,128.14500900712076
95427.0,95427.0,95427.0,0.0
95427.0,95427.0,95427.0,0.0
95425.0,95427.0,95426.96666666666,0.2560419494114166

95427.0,95427.0,95427.0,0.0
95425.0,95427.0,95426.96666666666,0.2560419494114166
95427.0,95427.0,95427.0,0.0
95427.0,95428.0,95427.01666666666,0.12802283703213974

94426.0,95428.0,95410.66666666667,128.19356024453154
95427.0,95429.0,95427.71666666666,0.48620064531516494
95428.0,95429.0,95428.08333333333,0.2763861659782208
95428.0,95429.0,95428.41666666667,0.49300643365774616

95428.0,95429.0,95428.83333333333,0.3726785649110244
95428.0,95431.0,95429.03333333334,0.515319733855192
95429.0,95431.0,95429.46666666666,0.8259686880757894
95429.0,95431.0,95430.23333333334,0.9551030879278612

95429.0,95431.0,95430.86666666667,0.46427921667897115
95431.0,95431.0,95431.0,0.0
95430.0,95431.0,95430.96666666666,0.1795122701972408
95429.0,95431.0,95430.93333333333,0.3590112586846054

95430.0,95431.0,95430.96666666666,0.1795122701972408
95431.0,95431.0,95431.0,0.0
95429.0,95431.0,95430.93333333333,0.3590112586846054
94430.0,95431.0,95397.63333333333,179.68499906441463

95431.0,95431.0,95431.0,0.0
95431.0,95431.0,95431.0,0.0
92428.0,95431.0,95380.95,384.4413446796331
95431.0,95431.0,95431.0,0.0

95430.0,95431.0,95430.98333333334,0.1280153875638589
95431.0,95431.0,95431.0,0.0
95430.0,95431.0,95430.96666666666,0.1795122701972408
95430.0,95431.0,95430.91666666667,0.27638271544274945

95431.0,95431.0,95431.0,0.0
95431.0,95431.0,95431.0,0.0
95430.0,95431.0,95430.98333333334,0.1280153875638589
95431.0,95431.0,95431.0,0.0

95431.0,95432.0,95431.23333333334,0.42295191325120113
95431.0,95432.0,95431.6,0.4898957682706917
95431.0,95432.0,95431.96666666666,0.1795069575329446
95430.0,95432.0,95431.93333333333,0.3590112586846054
