-1.0,66544.0,30111.066666666666,17992.64539737155
-1.0,67535.0,43659.26666666667,18853.033727463826
-1.0,67535.0,50692.0,23038.264837728842
-1.0,67535.0,51013.05,27146.58349247961

-1.0,71467.0,58135.333333333336,22833.67358213643
-1.0,71467.0,55279.3,26240.178475828496
-1.0,71467.0,54855.88333333333,27521.864520832438
-1.0,76473.0,60591.8,23858.28026828421

-1.0,83546.0,59622.51666666667,28450.0940048193
-1.0,83546.0,70083.31666666667,19132.88645020373
-1.0,83546.0,66576.65,28142.107108284683
-1.0,83548.0,76509.53333333334,17760.827559985904

-1.0,86489.0,77016.71666666666,20696.910914507414
-1.0,87488.0,82301.1,10735.537641714363
83546.0,87488.0,83955.4,1034.2226742829203
-1.0,87488.0,70517.43333333333,31591.81916961345

-1.0,87488.0,73290.61666666667,30819.822715308655
-1.0,87488.0,82813.11666666667,19015.70802090704
-1.0,87489.0,86029.81666666667,11200.258335549956
-1.0,87489.0,86029.88333333333,11200.267014810688

87488.0,87489.0,87488.23333333334,0.4229507858469294
-1.0,87489.0,86030.43333333333,11200.338626378905
-1.0,87489.0,86030.75,11200.379845679341
87489.0,87489.0,87489.0,0.0

87489.0,87489.0,87489.0,0.0
87489.0,87489.0,87489.0,0.0
-1.0,87489.0,86030.83333333333,11200.39069135047
87489.0,87489.0,87489.0,0.0

87489.0,87489.0,87489.0,0.0
-1.0,87489.0,86030.83333333333,11200.39069135047
-1.0,87490.0,83114.51666666666,19068.00725254363
87489.0,87490.0,87489.08333333333,0.2763861659782208

87489.0,87491.0,87489.78333333334,0.8384834095559589
87489.0,87491.0,87490.56666666667,0.6155396687966622
87490.0,87491.0,87490.98333333334,0.1280153875638589
-1.0,87491.0,86032.8,11200.646729541997

87491.0,87493.0,87491.41666666667,0.5257263245596143
-1.0,87494.0,84575.43333333333,15705.449401791147
87491.0,87495.0,87492.5,0.9219546526102715
87492.0,87495.0,87493.26666666666,0.928559460405627

87492.0,87495.0,87494.05,0.668954579087277
87493.0,87496.0,87494.51666666666,0.5913737077717036
86493.0,87496.0,87478.25,128.26997895064923
86494.0,87496.0,87462.1,179.7725136549022

87495.0,87496.0,87495.86666666667,0.33993493972321953
87496.0,87496.0,87496.0,0.0
87496.0,87496.0,87496.0,0.0
87495.0,87496.0,87495.96666666666,0.1795069575329446

87495.0,87497.0,87496.0,0.18257540464517025
87495.0,87497.0,87496.01666666666,0.2229858101063587
87496.0,87497.0,87496.11666666667,0.3210232919579079
87494.0,87498.0,87496.31666666667,0.7414328503032416

87495.0,87500.0,87497.7,1.2013882077802567
-1.0,87500.0,86040.48333333334,11201.647052244367
-1.0,87500.0,83124.53333333334,19070.305240929458
87498.0,87500.0,87499.86666666667,0.3858608401375555

-1.0,87501.0,80208.7,24184.13449991544
87499.0,87502.0,87500.81666666667,0.4997224037142279
87500.0,87502.0,87501.08333333333,0.37822733353436994
87501.0,87502.0,87501.4,0.48989868829430483

87500.0,87505.0,87501.83333333333,1.0671875714906638
87502.0,87505.0,87502.93333333333,1.3646327973153765
87502.0,87505.0,87504.13333333333,1.3224560193426862
87502.0,87505.0,87504.66666666667,0.7673904927316737

87505.0,87505.0,87505.0,0.0
87504.0,87505.0,87504.98333333334,0.1280153875638589
87505.0,87505.0,87505.0,0.0
87505.0,87505.0,87505.0,0.0

87505.0,87505.0,87505.0,0.0
87505.0,87505.0,87505.0,0.0
87505.0,87505.0,87505.0,0.0
87504.0,87505.0,87504.93333333333,0.2494443440407615

87503.0,87508.0,87505.35,0.6538339372071839
87503.0,87508.0,87505.88333333333,0.8961337864652961
87505.0,87508.0,87506.6,1.0033270801674612
87504.0,87508.0,87507.3,1.0049872015142878

87506.0,87508.0,87507.93333333333,0.3091202120226968
87503.0,87508.0,87507.9,0.6506413157063587
87508.0,87508.0,87508.0,0.0
87508.0,87508.0,87508.0,0.0

87507.0,87508.0,87507.96666666666,0.1795096138847465
87508.0,87508.0,87508.0,0.0
87508.0,87508.0,87508.0,0.0
87508.0,87508.0,87508.0,0.0

87507.0,87508.0,87507.98333333334,0.1280153875638589
87508.0,87508.0,87508.0,0.0
87508.0,87508.0,87508.0,0.0
87508.0,87508.0,87508.0,0.0

87508.0,87508.0,87508.0,0.0
87507.0,88507.0,87524.61666666667,127.89554222874565
87507.0,88507.0,87574.55,249.20783996426894
87507.0,88508.0,87741.06666666667,422.62693819573593

87507.0,88508.0,88057.63333333333,496.9612314417944
87506.0,88509.0,88357.31666666667,357.34504761520725
87507.0,88509.0,88491.11666666667,128.12234929389936
88508.0,88509.0,88508.36666666667,0.4818947572529412

88508.0,88509.0,88508.73333333334,0.44221570898868706
88508.0,88509.0,88508.98333333334,0.1280153875638589
88508.0,88509.0,88508.98333333334,0.1280153875638589
88509.0,88509.0,88509.0,0.0

88508.0,88509.0,88508.91666666667,0.27638271544274945
88509.0,88509.0,88509.0,0.0
88509.0,88509.0,88509.0,0.0
88509.0,88510.0,88509.01666666666,0.12802283703213974

88508.0,88510.0,88509.01666666666,0.28819515938012685
88509.0,88510.0,88509.15,0.35707350466246246
88509.0,88510.0,88509.46666666666,0.498888688081523
88509.0,88510.0,88509.83333333333,0.3726785649110244

88510.0,88510.0,88510.0,0.0
88510.0,88510.0,88510.0,0.0
88510.0,88510.0,88510.0,0.0
88510.0,88510.0,88510.0,0.0

88510.0,88510.0,88510.0,0.0
88510.0,88510.0,88510.0,0.0
88510.0,88510.0,88510.0,0.0
88510.0,88510.0,88510.0,0.0

88509.0,88511.0,88510.25,0.5041493856868011
88510.0,88511.0,88510.63333333333,0.4818947572529412
88510.0,88511.0,88510.96666666666,0.1795096138847465
88511.0,88511.0,88511.0,0.0
