-1.0,62487.0,35571.71666666667,18825.704123256284
-1.0,62487.0,39219.3,23943.420123491127
-1.0,62487.0,49972.38333333333,20643.6371255097
-1.0,63389.0,55124.083333333336,18623.51509543034

-1.0,74369.0,60342.1,14129.422634700975
-1.0,78394.0,62947.183333333334,15306.682377850171
-1.0,83386.0,61690.816666666666,26345.00398082571
-1.0,83386.0,75305.58333333333,10340.166375662902

-1.0,83386.0,78045.4,10775.21212815171
78394.0,83392.0,82636.28333333334,1542.1716083889728
82376.0,83392.0,83353.3,181.12079762650907
83386.0,83394.0,83388.81666666667,2.825430244833592

-1.0,89463.0,78464.36666666667,23819.099718479887
-1.0,89464.0,85347.85,16019.749209257272
83394.0,89464.0,89342.48333333334,785.0292455619459
89457.0,89464.0,89462.11666666667,2.1763244717830874

-1.0,89480.0,87976.76666666666,11453.731655908316
89462.0,89480.0,89472.9,7.318242092735171
89464.0,89480.0,89477.76666666666,4.800578722239686
89478.0,89482.0,89479.98333333334,0.42784918372158953

89479.0,89482.0,89480.26666666666,0.7272480017620498
89478.0,89485.0,89480.98333333334,1.3353105825262679
88484.0,89485.0,89415.55,248.97184747086084
89481.0,89485.0,89483.66666666667,1.39841158539187

89482.0,89486.0,89484.7,0.8812874644006166
89485.0,89486.0,89485.06666666667,0.2494443440407615
89485.0,89486.0,89485.21666666666,0.41197513364545135
89485.0,89486.0,89485.66666666667,0.47140362165740596

89485.0,89486.0,89485.86666666667,0.3399335369896776
89486.0,89486.0,89486.0,0.0
89484.0,89486.0,89485.93333333333,0.3590112586846054
89484.0,89488.0,89486.0,0.3651481975537574

89485.0,89488.0,89486.05,0.4252444742192471
89486.0,89488.0,89486.4,0.7348475457721443
89486.0,89488.0,89486.91666666667,0.9361557542045934
89486.0,89488.0,89487.7,0.6658337476185578

89488.0,89488.0,89488.0,0.0
89487.0,89489.0,89488.0,0.18257540464517025
89488.0,89489.0,89488.06666666667,0.2494443440407615
89487.0,89489.0,89488.28333333334,0.48619770308171306

89488.0,89489.0,89488.73333333334,0.44221570898868706
89488.0,89489.0,89488.98333333334,0.1280153875638589
89489.0,89489.0,89489.0,0.0
89487.0,89489.0,89488.96666666666,0.2560400870646666

89489.0,89490.0,89489.23333333334,0.42295191325120113
89489.0,89490.0,89489.58333333333,0.49300740085950645
89489.0,89490.0,89489.96666666666,0.1795096138847465
89489.0,89491.0,89490.0,0.18257540464517025

89490.0,89491.0,89490.41666666667,0.49300643365774616
89490.0,89491.0,89490.8,0.39999980926509127
89490.0,89491.0,89490.98333333334,0.12801911235218516
89489.0,89491.0,89490.96666666666,0.2560400870646666

89491.0,89491.0,89491.0,0.0
89490.0,89491.0,89490.95,0.2179463474150519
89491.0,89492.0,89491.01666666666,0.12802283703213974
89491.0,89492.0,89491.05,0.2179419716413745

89490.0,89493.0,89491.2,0.4760960031073614
89490.0,89493.0,89491.61666666667,0.6348662780775485
89491.0,89493.0,89492.13333333333,0.6182411953260188
89492.0,89493.0,89492.48333333334,0.4997214495092335

89491.0,89493.0,89492.88333333333,0.36930851423508154
89493.0,89493.0,89493.0,0.0
89493.0,89493.0,89493.0,0.0
89493.0,89493.0,89493.0,0.0

89492.0,89493.0,89492.98333333334,0.12801911235218516
89493.0,89493.0,89493.0,0.0
89493.0,89493.0,89493.0,0.0
89493.0,89493.0,89493.0,0.0

89493.0,89493.0,89493.0,0.0
89493.0,89493.0,89493.0,0.0
89493.0,89493.0,89493.0,0.0
89492.0,89493.0,89492.96666666666,0.1795069575329446

89491.0,89493.0,89492.96666666666,0.2560400870646666
89493.0,89493.0,89493.0,0.0
89493.0,89493.0,89493.0,0.0
89493.0,89493.0,89493.0,0.0

89493.0,89493.0,89493.0,0.0
89492.0,89493.0,89492.98333333334,0.12801911235218516
89492.0,89493.0,89492.96666666666,0.1795069575329446
89493.0,89493.0,89493.0,0.0

89493.0,89493.0,89493.0,0.0
89493.0,89493.0,89493.0,0.0
89493.0,89493.0,89493.0,0.0
89493.0,89493.0,89493.0,0.0

89493.0,89494.0,89493.31666666667,0.465175990774006
89493.0,89494.0,89493.6,0.48989674161382996
89493.0,89494.0,89493.98333333334,0.1280153875638589
89494.0,89494.0,89494.0,0.0

89492.0,89494.0,89493.96666666666,0.2560400870646666
89494.0,89494.0,89494.0,0.0
89492.0,89494.0,89493.93333333333,0.3590112586846054
89493.0,89494.0,89493.98333333334,0.1280153875638589

89493.0,89494.0,89493.98333333334,0.1280153875638589
89494.0,89494.0,89494.0,0.0
89494.0,89494.0,89494.0,0.0
89494.0,89494.0,89494.0,0.0

89494.0,89494.0,89494.0,0.0
89494.0,89494.0,89494.0,0.0
89492.0,89494.0,89493.96666666666,0.2560400870646666
89493.0,89494.0,89493.98333333334,0.1280153875638589

89494.0,89494.0,89494.0,0.0
89494.0,89494.0,89494.0,0.0
89491.0,89494.0,89493.95,0.3840585786325949
89493.0,89494.0,89493.96666666666,0.1795069575329446

89494.0,89494.0,89494.0,0.0
89493.0,89494.0,89493.96666666666,0.1795069575329446
89494.0,89494.0,89494.0,0.0
89494.0,89494.0,89494.0,0.0

89494.0,89495.0,89494.38333333333,0.4861986838281753
89494.0,89495.0,89494.86666666667,0.33993493972321953
89492.0,89495.0,89494.88333333333,0.5505050074655351
89495.0,89495.0,89495.0,0.0

89495.0,89495.0,89495.0,0.0
89495.0,89495.0,89495.0,0.0
89495.0,89495.0,89495.0,0.0
89495.0,89495.0,89495.0,0.0

89493.0,89495.0,89494.96666666666,0.2560419494114166
89495.0,89495.0,89495.0,0.0
89495.0,89495.0,89495.0,0.0
-1.0,89495.0,88003.36666666667,11457.192659295826
