-1.0,58411.0,32055.133333333335,19676.549401480144
-1.0,58411.0,33203.05,22548.27505998703
-1.0,60418.0,41492.55,22470.974159587142
-1.0,67353.0,45674.0,24166.993582846284

-1.0,67353.0,48940.816666666666,23300.44124867715
-1.0,67353.0,48874.28333333333,24523.592026245307
-1.0,67353.0,52341.05,23544.639039793463
-1.0,67353.0,63709.95,8727.967864715165

-1.0,87404.0,63657.1,22733.429571668243
-1.0,87404.0,72842.75,16584.418708157962
-1.0,88376.0,77264.33333333333,21975.077745533075
-1.0,88376.0,82763.71666666666,19022.696604400124

-1.0,88377.0,74520.06666666667,31307.66435920906
-1.0,96396.0,83750.71666666666,19249.26346217926
-1.0,96396.0,87288.71666666666,11498.890724894125
-1.0,96399.0,85162.06666666667,19744.486500342897

-1.0,96404.0,87894.26666666666,20493.022810106773
-1.0,96404.0,92452.1,17289.84919897605
96396.0,96406.0,96399.03333333334,3.1089474177976797
96396.0,96406.0,96402.16666666667,2.84116556293037

96398.0,96407.0,96404.41666666667,1.6359669271917554
96404.0,96407.0,96405.75,0.82915619758885
96406.0,96408.0,96406.4,0.5228140235053266
96406.0,96408.0,96406.73333333334,0.47842194554953105

96406.0,96408.0,96406.95,0.3840585786325949
96405.0,96410.0,96407.13333333333,0.5617433333024662
-1.0,96410.0,94800.56666666667,12342.112753180516
96406.0,96410.0,96408.08333333333,0.8224291423666036

96406.0,97407.0,96691.16666666667,449.0216463452987
96408.0,97408.0,97140.01666666666,440.5197495266846
97403.0,97411.0,97406.38333333333,1.1845071120042596
97403.0,97411.0,97407.4,1.5937380322773702

97405.0,99410.0,98041.38333333333,911.6988920265102
97408.0,99410.0,98858.18333333333,824.1606941148164
99407.0,99410.0,99408.06666666667,1.2762793909886285
-1.0,99410.0,97752.21666666666,12726.384875645459

-1.0,99410.0,96096.1,17844.78349238229
99410.0,99410.0,99410.0,0.0
99409.0,99411.0,99410.0,0.18257279289924677
99410.0,99411.0,99410.1,0.3000002543130432

98409.0,99411.0,99376.96666666666,179.74750500620024
98410.0,99411.0,99377.31666666667,179.62678824790905
99410.0,99411.0,99410.95,0.2179463474150519
99410.0,99411.0,99410.95,0.2179463474150519

99411.0,99411.0,99411.0,0.0
99411.0,99411.0,99411.0,0.0
99411.0,99411.0,99411.0,0.0
99409.0,99411.0,99410.96666666666,0.2560382247043703

99410.0,99415.0,99411.95,1.4880076079225373
98409.0,99415.0,99379.86666666667,180.2915663284341
99410.0,99415.0,99414.41666666667,0.7592018212540772
99414.0,99415.0,99414.88333333333,0.3210232919579079

99414.0,99417.0,99415.26666666666,0.5120764494087406
99414.0,99417.0,99415.83333333333,0.6624866412273439
99416.0,99417.0,99416.36666666667,0.4818937677471609
99415.0,99417.0,99416.58333333333,0.5257281385693501

99416.0,99417.0,99416.95,0.2179463474150519
99417.0,99417.0,99417.0,0.0
99417.0,99417.0,99417.0,0.0
99417.0,99417.0,99417.0,0.0

99416.0,99417.0,99416.98333333334,0.1280153875638589
98414.0,99417.0,99366.85,218.59878201804125
99416.0,99417.0,99416.96666666666,0.1795122701972408
99417.0,99417.0,99417.0,0.0

-1.0,99419.0,97760.66666666667,12727.484952739931
99417.0,99419.0,99418.41666666667,0.8998460426043029
99419.0,99419.0,99419.0,0.0
99416.0,99419.0,99418.83333333333,0.5821426592198804

99419.0,99419.0,99419.0,0.0
-1.0,99419.0,97762.0,12727.658504218283
99419.0,99419.0,99419.0,0.0
99418.0,99419.0,99418.96666666666,0.1795122701972408

98417.0,99420.0,99402.33333333333,128.27959914080296
99419.0,99420.0,99419.08333333333,0.2763861659782208
99419.0,99420.0,99419.36666666667,0.4818937677471609
99419.0,99420.0,99419.81666666667,0.38693816770885087

99419.0,99420.0,99419.98333333334,0.1280153875638589
99419.0,99420.0,99419.98333333334,0.1280153875638589
99418.0,99420.0,99419.91666666667,0.33124332061367195
99418.0,99420.0,99419.96666666666,0.2560419494114166

98418.0,99420.0,99403.3,128.2751339828633
99420.0,99420.0,99420.0,0.0
98418.0,99420.0,99403.3,128.2751339828633
99418.0,99420.0,99419.93333333333,0.3590112586846054

99419.0,99421.0,99420.0,0.18257279289924677
99419.0,99421.0,99420.1,0.39581031063118244
99420.0,99422.0,99420.41666666667,0.5257263245596143
99420.0,99422.0,99420.9,0.43589050695973774

99420.0,100422.0,99754.76666666666,471.8053400403706
99421.0,100423.0,100188.53333333334,423.2731768261001
99421.0,100423.0,100405.43333333333,128.16270474799182
100422.0,100423.0,100422.46666666666,0.498888688081523

100421.0,100423.0,100422.58333333333,0.6902107204492313
100422.0,100423.0,100422.95,0.2179463474150519
100423.0,100423.0,100423.0,0.0
-1.0,100423.0,97075.53333333334,18026.659686389125

100423.0,100423.0,100423.0,0.0
100423.0,100423.0,100423.0,0.0
100423.0,100423.0,100423.0,0.0
100419.0,100423.0,100422.88333333333,0.5505041412835261

100423.0,100423.0,100423.0,0.0
100423.0,100423.0,100423.0,0.0
-1.0,100423.0,98749.26666666666,12856.189676399372
100421.0,100423.0,100422.96666666666,0.2560419494114166

100422.0,100423.0,100422.98333333334,0.1280153875638589
100423.0,100423.0,100423.0,0.0
98420.0,100423.0,100389.61666666667,256.4222488832947
100421.0,100423.0,100422.96666666666,0.2560419494114166

100423.0,100423.0,100423.0,0.0
100423.0,100423.0,100423.0,0.0
100421.0,100423.0,100422.96666666666,0.2560419494114166
100423.0,100423.0,100423.0,0.0

98420.0,100423.0,100389.61666666667,256.4222488832947
100423.0,100423.0,100423.0,0.0
100420.0,100423.0,100422.95,0.3840585786325949
100423.0,100423.0,100423.0,0.0

100422.0,100423.0,100422.98333333334,0.1280153875638589
100423.0,100423.0,100423.0,0.0
100423.0,100423.0,100423.0,0.0
100422.0,100423.0,100422.96666666666,0.1795069575329446
