-1.0,62313.0,34798.98333333333,19204.01157266512
-1.0,62313.0,37964.73333333333,20635.04066619583
-1.0,85383.0,46025.85,19056.866359071217
-1.0,85383.0,46730.73333333333,21591.790159585093

-1.0,85383.0,49759.333333333336,28677.832729983078
-1.0,85383.0,55275.8,30398.90402892841
-1.0,85383.0,69593.1,24581.105675362374
-1.0,85383.0,72713.66666666667,26855.660939341797

-1.0,85383.0,74857.55,27228.949842294063
82397.0,85384.0,85333.26666666666,382.26940180387993
85383.0,85384.0,85383.1,0.299998664852986
85383.0,85384.0,85383.33333333333,0.47140463318261433

85383.0,85385.0,85383.9,0.538517330758578
85383.0,85385.0,85384.35,0.510717912903061
85384.0,85385.0,85384.76666666666,0.4229530406524677
85383.0,85385.0,85384.93333333333,0.3590099304865929

85384.0,93388.0,87385.48333333334,3099.225846840128
-1.0,93388.0,87896.08333333333,11962.051817158697
-1.0,93388.0,88840.71666666666,16676.770294925926
-1.0,93388.0,91731.48333333334,11950.4997921867

93387.0,93404.0,93392.71666666666,6.981145397963352
92401.0,93404.0,93366.61666666667,179.4125684626535
93401.0,93404.0,93403.25,0.5664214033533318
-1.0,93404.0,91847.06666666667,11957.5997812642

92404.0,93404.0,93370.63333333333,179.49939337710254
-1.0,93404.0,90290.45,16766.701343660305
-1.0,93404.0,91847.23333333334,11957.621473864338
93404.0,93404.0,93404.0,0.0

93404.0,93405.0,93404.03333333334,0.17950164471141083
92403.0,93405.0,93354.11666666667,218.20144298873538
93403.0,93405.0,93404.41666666667,0.5257263245596143
92406.0,93406.0,93371.6,179.3079473928728

93404.0,93407.0,93405.18333333333,0.465175990774006
93405.0,93407.0,93405.58333333333,0.5857095910924255
93405.0,93407.0,93406.08333333333,0.5257281385693501
93405.0,93407.0,93406.46666666666,0.5617450310046351

93406.0,93408.0,93406.85,0.4010403455572125
93407.0,93408.0,93407.08333333333,0.2763861659782208
-1.0,93408.0,91850.46666666666,11958.042425451187
93406.0,93408.0,93407.6,0.5228121993844399

93406.0,93409.0,93407.93333333333,0.40276780974816734
93408.0,93409.0,93408.13333333333,0.3399335369896776
93408.0,93409.0,93408.4,0.4898977149550343
93408.0,93409.0,93408.85,0.35707216925660445

93408.0,94410.0,93425.66666666667,128.1494786841676
93409.0,94410.0,93475.8,249.67557616140132
93408.0,94412.0,93659.45,433.446091420589
-1.0,94412.0,92403.15,12040.078995899525

93409.0,94412.0,94327.16666666667,276.53716848452086
94409.0,94412.0,94411.11666666667,0.8961332543602611
94410.0,94412.0,94411.86666666667,0.3858596043606324
94410.0,94412.0,94411.93333333333,0.3590112586846054

94411.0,94412.0,94411.98333333334,0.12802283703213974
94412.0,94412.0,94412.0,0.0
94412.0,94412.0,94412.0,0.0
94412.0,94412.0,94412.0,0.0

94412.0,94414.0,94412.5,0.6952219700545175
94410.0,94414.0,94413.08333333333,0.8998471024231048
94412.0,94414.0,94413.78333333334,0.4861967223332724
94414.0,94415.0,94414.03333333334,0.17950164471141083

93413.0,94415.0,94397.45,128.16492305374857
94414.0,94415.0,94414.38333333333,0.4861986838281753
94414.0,94415.0,94414.8,0.39999980926509127
94415.0,94415.0,94415.0,0.0

94413.0,94415.0,94414.96666666666,0.2560419494114166
93414.0,94415.0,94398.31666666667,128.1471148874228
93409.0,94415.0,94398.23333333334,128.78721037236662
94413.0,94415.0,94414.93333333333,0.3590112586846054

94414.0,94416.0,94415.0,0.18257279289924677
93413.0,94416.0,94398.35,128.28182840530525
94415.0,94416.0,94415.13333333333,0.3399363424509732
94415.0,94416.0,94415.4,0.4898977149550343

94415.0,94416.0,94415.73333333334,0.4422178655651533
94415.0,94416.0,94415.93333333333,0.249442432436042
94416.0,94416.0,94416.0,0.0
94416.0,94416.0,94416.0,0.0

94416.0,94416.0,94416.0,0.0
94416.0,94416.0,94416.0,0.0
94416.0,94416.0,94416.0,0.0
94416.0,94416.0,94416.0,0.0

94415.0,94416.0,94415.98333333334,0.12802283703213974
94415.0,94416.0,94415.96666666666,0.1795069575329446
94416.0,94416.0,94416.0,0.0
94415.0,94416.0,94415.95,0.2179463474150519

94414.0,94416.0,94415.9,0.35118795152300125
94416.0,94416.0,94416.0,0.0
94416.0,94416.0,94416.0,0.0
94415.0,94416.0,94415.95,0.2179463474150519

94416.0,94416.0,94416.0,0.0
-1.0,94416.0,92842.36666666667,12087.176798804392
94414.0,94416.0,94415.96666666666,0.2560382247043703
94415.0,94416.0,94415.96666666666,0.1795069575329446

94416.0,94416.0,94416.0,0.0
94414.0,94416.0,94415.95,0.2843122140510213
94416.0,94416.0,94416.0,0.0
94415.0,94416.0,94415.98333333334,0.12802283703213974

94416.0,94417.0,94416.31666666667,0.465175990774006
94416.0,94417.0,94416.7,0.4582586516600522
94417.0,94417.0,94417.0,0.0
94417.0,94417.0,94417.0,0.0

94416.0,94417.0,94416.98333333334,0.1280153875638589
94416.0,94417.0,94416.98333333334,0.1280153875638589
94417.0,94417.0,94417.0,0.0
94416.0,94417.0,94416.96666666666,0.1795122701972408

94416.0,94418.0,94417.33333333333,0.5374856636442007
94413.0,94418.0,94417.68333333333,0.7414328503032416
94418.0,94418.0,94418.0,0.0
93416.0,94418.0,94384.6,179.864504552354

94418.0,94418.0,94418.0,0.0
94418.0,94418.0,94418.0,0.0
94418.0,94418.0,94418.0,0.0
94418.0,94418.0,94418.0,0.0

94416.0,94418.0,94417.9,0.43589050695973774
94418.0,94418.0,94418.0,0.0
94418.0,94418.0,94418.0,0.0
94418.0,94418.0,94418.0,0.0

94418.0,94418.0,94418.0,0.0
94417.0,94418.0,94417.96666666666,0.1795069575329446
94418.0,94418.0,94418.0,0.0
94418.0,94418.0,94418.0,0.0
