-1.0,57451.0,31189.5,19296.661771318548
-1.0,57451.0,40071.416666666664,18864.134711396713
-1.0,59452.0,44021.85,20349.999361855025
-1.0,60298.0,44836.066666666666,22530.774345227357

-1.0,69403.0,46434.166666666664,25832.98962900388
-1.0,69403.0,55581.48333333333,20425.57855279476
-1.0,69403.0,61376.05,14247.783998953404
-1.0,70413.0,63921.4,12099.427441274514

-1.0,73408.0,66690.38333333333,12690.99047368078
69402.0,73408.0,71257.68333333333,1712.5295373769504
-1.0,76419.0,71151.3,9437.14867478518
69412.0,76419.0,73642.28333333334,1147.2810334530207

73408.0,86381.0,77435.78333333334,5507.452989938999
-1.0,86387.0,76782.81666666667,21230.68258244161
-1.0,87380.0,81913.11666666667,18836.166694324755
86381.0,87380.0,86449.7,248.64896943365684

-1.0,104429.0,76849.35,35193.26027135734
-1.0,104434.0,88940.41666666667,30640.95984587278
86387.0,104434.0,102708.33333333333,5164.176745189582
104428.0,104435.0,104430.16666666667,2.2521593540381297

104429.0,104435.0,104432.21666666666,2.6526195174893497
104429.0,104436.0,104434.36666666667,1.3287423886702865
104434.0,104436.0,104434.98333333334,0.2881901956472279
104435.0,104436.0,104435.13333333333,0.3399363424509732

-1.0,104436.0,102678.15,13368.298823242309
-1.0,104437.0,97473.3,26051.102476542754
104435.0,104438.0,104436.13333333333,0.4268751179595829
104435.0,104438.0,104436.38333333333,0.6080479967346392

104436.0,104438.0,104436.81666666667,0.5913745140923548
104436.0,104438.0,104437.41666666667,0.5565275378547094
104437.0,104438.0,104437.81666666667,0.38694063236950915
104437.0,104440.0,104438.1,0.5385155598297147

104436.0,105443.0,104738.91666666667,459.1494053004826
104435.0,105443.0,105106.65,472.6320917686575
104439.0,105443.0,105391.78333333334,218.4342076087561
105439.0,105443.0,105442.48333333334,0.9914913588862455

105440.0,105446.0,105443.0,0.9486830969982935
105441.0,105446.0,105443.6,1.2409669649828359
105443.0,105446.0,105444.75,1.3118051778778095
104444.0,105446.0,105328.9,321.59253204651816

105445.0,105446.0,105445.95,0.2179463474150519
105446.0,105446.0,105446.0,0.0
105446.0,105446.0,105446.0,0.0
105446.0,105446.0,105446.0,0.0

105446.0,105446.0,105446.0,0.0
105446.0,105446.0,105446.0,0.0
105445.0,105447.0,105446.0,0.25820061340495554
105445.0,105447.0,105446.08333333333,0.3782285942480234

105445.0,105448.0,105446.85,0.8911602352783736
105446.0,105449.0,105447.4,0.8000008106227583
105446.0,105449.0,105447.9,0.5066242106535301
105447.0,105449.0,105448.11666666667,0.41197281875574593

105448.0,105449.0,105448.56666666667,0.49553594994263217
105448.0,105449.0,105448.91666666667,0.27638271544274945
-1.0,105449.0,100176.5,22982.294679818202
105448.0,105451.0,105449.0,0.3162283691728599

105449.0,105451.0,105449.03333333334,0.25603449994313815
105449.0,105451.0,105449.13333333333,0.498888688081523
105449.0,105451.0,105449.3,0.7141430031036052
105449.0,105451.0,105449.86666666667,0.9910709376192779

105447.0,105451.0,105450.66666666667,0.8299931022633185
105451.0,105451.0,105451.0,0.0
105450.0,105451.0,105450.98333333334,0.1280153875638589
105451.0,105451.0,105451.0,0.0

105451.0,105451.0,105451.0,0.0
105451.0,105451.0,105451.0,0.0
105451.0,105451.0,105451.0,0.0
105450.0,105451.0,105450.96666666666,0.1795122701972408

105450.0,105451.0,105450.96666666666,0.1795122701972408
105451.0,105451.0,105451.0,0.0
-1.0,105451.0,100178.4,22982.730569712567
105451.0,105451.0,105451.0,0.0

105450.0,105452.0,105450.96666666666,0.2560419494114166
105450.0,105452.0,105451.06666666667,0.30912175458106056
105451.0,105452.0,105451.26666666666,0.44221570898868706
105451.0,105452.0,105451.48333333334,0.4997214495092335

105451.0,105452.0,105451.78333333334,0.41197281875574593
105450.0,105452.0,105451.88333333333,0.4506177265146354
105450.0,105452.0,105451.91666666667,0.3782260728165142
105452.0,105452.0,105452.0,0.0

105452.0,105452.0,105452.0,0.0
105452.0,105452.0,105452.0,0.0
105452.0,105452.0,105452.0,0.0
105452.0,105452.0,105452.0,0.0

105452.0,105452.0,105452.0,0.0
104450.0,105452.0,105435.3,128.27513399029792
105452.0,105452.0,105452.0,0.0
105452.0,105452.0,105452.0,0.0

105452.0,106453.0,105785.61666666667,471.80525967228056
105452.0,106453.0,106202.6,433.3592505045482
105452.0,106453.0,106419.61666666667,179.68194972215207
106453.0,106453.0,106453.0,0.0

106453.0,106453.0,106453.0,0.0
106452.0,106453.0,106452.98333333334,0.1280153875638589
106453.0,106453.0,106453.0,0.0
106453.0,106453.0,106453.0,0.0

106453.0,106453.0,106453.0,0.0
106453.0,106453.0,106453.0,0.0
106452.0,106453.0,106452.95,0.2179463474150519
106453.0,106453.0,106453.0,0.0

106452.0,106453.0,106452.98333333334,0.1280153875638589
106451.0,106453.0,106452.96666666666,0.2560419494114166
106453.0,106453.0,106453.0,0.0
106453.0,106453.0,106453.0,0.0

106453.0,106453.0,106453.0,0.0
106453.0,106453.0,106453.0,0.0
106451.0,106453.0,106452.96666666666,0.2560419494114166
106453.0,106454.0,106453.03333333334,0.17950164471141083

106453.0,106454.0,106453.11666666667,0.32102032121169427
-1.0,106454.0,104679.05,13628.18171831812
106453.0,106454.0,106453.58333333333,0.49300836805936926
106453.0,106454.0,106453.88333333333,0.3210232919579079

106454.0,106454.0,106454.0,0.0
106454.0,106454.0,106454.0,0.0
105453.0,106454.0,106437.31666666667,128.1471148948648
106454.0,106454.0,106454.0,0.0

-1.0,106454.0,104679.73333333334,13628.270673941779
106454.0,106454.0,106454.0,0.0
106454.0,106454.0,106454.0,0.0
106454.0,106454.0,106454.0,0.0
