-1.0,64333.0,33741.23333333333,17669.735102114268
-1.0,64333.0,37971.61666666667,20122.624519920904
-1.0,64333.0,44858.05,19477.301855771322
-1.0,64333.0,45014.01666666667,24099.32824132356

-1.0,76357.0,52013.833333333336,25406.18211522978
-1.0,76357.0,64318.96666666667,17980.652860752558
-1.0,78376.0,63850.583333333336,25206.24250940737
-1.0,80376.0,57765.85,31927.90426143721

73431.0,86396.0,78427.96666666666,2751.0287952370327
76357.0,86396.0,80835.41666666667,1656.1675971115174
81373.0,86396.0,81640.01666666666,1091.0995752250383
80389.0,86396.0,82291.08333333333,1949.125131023948

81390.0,86396.0,84378.73333333334,2328.3317623472635
81390.0,88423.0,86080.0,1204.2287296577074
86394.0,88423.0,86497.31666666667,440.64208800600295
86395.0,88423.0,86868.45,855.2560713033159

-1.0,88423.0,80289.51666666666,24240.420969592426
-1.0,88423.0,85406.16666666667,15863.842335288366
88408.0,88423.0,88422.73333333334,1.9223825668363639
88423.0,88423.0,88423.0,0.0

88423.0,88423.0,88423.0,0.0
88423.0,88423.0,88423.0,0.0
88422.0,88423.0,88422.96666666666,0.1795096138847465
88422.0,88423.0,88422.96666666666,0.1795096138847465

88423.0,88423.0,88423.0,0.0
88423.0,88423.0,88423.0,0.0
88422.0,88423.0,88422.95,0.2179463474150519
88423.0,88423.0,88423.0,0.0

88423.0,88428.0,88424.75,2.384848003542364
88422.0,88428.0,88426.9,2.095232993487137
88427.0,88428.0,88427.98333333334,0.12801911235218516
88428.0,88428.0,88428.0,0.0

87427.0,88429.0,88411.63333333333,128.1891787794302
88428.0,88429.0,88428.7,0.4582576111173416
88428.0,88429.0,88428.93333333333,0.2494443440407615
88429.0,88429.0,88429.0,0.0

88429.0,88429.0,88429.0,0.0
88428.0,88429.0,88428.98333333334,0.1280153875638589
88429.0,88429.0,88429.0,0.0
88428.0,88429.0,88428.96666666666,0.1795069575329446

88428.0,88431.0,88429.33333333333,0.6749495310812772
88428.0,88431.0,88429.88333333333,0.6853632232639378
88426.0,88431.0,88430.4,0.8205693887198703
88430.0,88431.0,88430.9,0.30000184376467925

88431.0,88431.0,88431.0,0.0
88431.0,88431.0,88431.0,0.0
88431.0,88431.0,88431.0,0.0
88427.0,88431.0,88430.93333333333,0.5120755182243593

88430.0,88431.0,88430.98333333334,0.1280153875638589
88431.0,88431.0,88431.0,0.0
88431.0,88432.0,88431.01666666666,0.12801911235218516
88431.0,88432.0,88431.08333333333,0.2763861659782208

88430.0,88432.0,88431.26666666666,0.5120773805914287
88431.0,88432.0,88431.71666666666,0.4506177265146354
88431.0,88432.0,88431.96666666666,0.1795096138847465
88430.0,88432.0,88431.96666666666,0.2560419494114166

87428.0,88432.0,88415.26666666666,128.53117218497508
88431.0,88433.0,88432.0,0.25819876662830693
88432.0,88433.0,88432.1,0.299998664852986
88432.0,88433.0,88432.33333333333,0.47140564470565216

88431.0,88434.0,88433.08333333333,0.780847674726312
88433.0,88434.0,88433.66666666667,0.47140362165740596
88433.0,88434.0,88433.95,0.2179463474150519
88433.0,88435.0,88434.0,0.18257540464517025

88434.0,88435.0,88434.06666666667,0.2494443440407615
88433.0,88435.0,88434.3,0.4932878093506912
88434.0,88435.0,88434.73333333334,0.44221570898868706
88434.0,88435.0,88434.96666666666,0.1795096138847465

88434.0,88436.0,88435.31666666667,0.4997224037142279
88435.0,88436.0,88435.8,0.39999980926509127
88435.0,88436.0,88435.98333333334,0.1280153875638589
88436.0,88436.0,88436.0,0.0

88436.0,88436.0,88436.0,0.0
88436.0,88436.0,88436.0,0.0
88435.0,88436.0,88435.96666666666,0.1795096138847465
88436.0,88436.0,88436.0,0.0

88436.0,88436.0,88436.0,0.0
88436.0,88436.0,88436.0,0.0
88435.0,88436.0,88435.95,0.2179463474150519
87435.0,88436.0,88402.63333333333,179.68499906441463

88436.0,88436.0,88436.0,0.0
88435.0,88436.0,88435.98333333334,0.1280153875638589
88436.0,88436.0,88436.0,0.0
88436.0,88436.0,88436.0,0.0

88436.0,88437.0,88436.31666666667,0.4651770158411683
88436.0,88437.0,88436.8,0.3999986171698509
88436.0,88437.0,88436.98333333334,0.1280153875638589
88437.0,88437.0,88437.0,0.0

88437.0,88437.0,88437.0,0.0
88437.0,88437.0,88437.0,0.0
88436.0,88437.0,88436.93333333333,0.249442432436042
88437.0,88437.0,88437.0,0.0

88437.0,88437.0,88437.0,0.0
88437.0,88437.0,88437.0,0.0
88437.0,88438.0,88437.01666666666,0.12802283703213974
88437.0,88438.0,88437.03333333334,0.17950164471141083

88437.0,88438.0,88437.03333333334,0.17950164471141083
88437.0,88438.0,88437.15,0.35707350466246246
88437.0,88438.0,88437.4,0.48989868829430483
88437.0,88438.0,88437.83333333333,0.3726785649110244

88437.0,89439.0,88604.66666666667,372.7675176593941
88437.0,89439.0,89037.93333333333,489.87817759942135
88438.0,89439.0,89371.61666666667,249.52034597441354
89438.0,89439.0,89438.7,0.4582576111173416

89438.0,89441.0,89439.21666666666,0.6605981555345906
89438.0,89441.0,89439.75,0.8088054287766944
89439.0,89441.0,89440.38333333333,0.660597433707842
89440.0,89441.0,89440.9,0.30000184376467925

89440.0,89441.0,89440.93333333333,0.2494443440407615
89441.0,89441.0,89441.0,0.0
89441.0,89441.0,89441.0,0.0
89440.0,89441.0,89440.93333333333,0.2494443440407615

89441.0,89441.0,89441.0,0.0
89441.0,89441.0,89441.0,0.0
89441.0,89441.0,89441.0,0.0
89439.0,89441.0,89440.93333333333,0.3590112586846054

89441.0,89441.0,89441.0,0.0
89441.0,89441.0,89441.0,0.0
89441.0,89441.0,89441.0,0.0
89441.0,89441.0,89441.0,0.0
