-1.0,57419.0,33864.05,17149.695864577305
-1.0,67395.0,41108.21666666667,17699.96155936661
-1.0,70403.0,42152.833333333336,24122.02542778879
-1.0,70403.0,53799.5,20319.46314702565

-1.0,79420.0,54527.36666666667,26152.927287378152
-1.0,79420.0,64936.11666666667,17752.51460600408
-1.0,79420.0,65060.65,21901.50180225472
-1.0,79420.0,65049.0,25791.253081875137

-1.0,79420.0,70677.9,23656.790012383368
-1.0,79420.0,76772.63333333333,14256.505804914308
79420.0,79421.0,79420.01666666666,0.12802283703213974
79420.0,79421.0,79420.06666666667,0.249442432436042

-1.0,83442.0,74783.96666666666,20028.055025361056
-1.0,83442.0,72945.83333333333,24364.239372604185
-1.0,84443.0,76889.5,20590.706082680448
79420.0,84443.0,83265.33333333333,822.4205871832856

83442.0,84455.0,83966.03333333334,493.65139409083514
83442.0,84455.0,84362.11666666667,271.1899759496514
84443.0,84455.0,84445.75,4.720963925033714
84443.0,84455.0,84450.1,5.166236408325599

82460.0,84466.0,84423.98333333334,255.73022840746918
83454.0,84473.0,84444.41666666667,129.02109538812982
84455.0,84473.0,84464.45,2.871846169211836
84457.0,84473.0,84466.0,2.5099801175975207

84466.0,84473.0,84469.61666666667,3.4980550539058486
84466.0,84473.0,84472.3,2.09999973660422
84473.0,84474.0,84473.03333333334,0.17950164471141083
84473.0,84474.0,84473.08333333333,0.2763878912298023

84473.0,84474.0,84473.26666666666,0.4422178655651533
84473.0,84475.0,84473.7,0.4932887760007522
84473.0,84477.0,84474.18333333333,0.6950216649472833
84474.0,84477.0,84474.48333333334,0.9745364725677259

84474.0,84478.0,84475.26666666666,1.3646327973153765
84474.0,84478.0,84476.53333333334,1.1897705857142626
84475.0,84478.0,84477.33333333333,0.5676466415436294
84477.0,84480.0,84477.93333333333,0.7498143284171152

84477.0,84480.0,84478.28333333334,0.7092634340183126
84478.0,84480.0,84478.93333333333,0.9463379397529301
84478.0,84481.0,84479.81666666667,0.5624847410039713
84478.0,84481.0,84480.08333333333,0.41998773102778514

84480.0,84481.0,84480.3,0.4582576111173416
84480.0,84482.0,84480.85,0.40103915655498285
84478.0,85483.0,84497.63333333333,128.28509483011854
84481.0,85483.0,84547.96666666666,249.83167444644988

84480.0,85483.0,84964.95,500.06011055393475
84481.0,85483.0,85398.7,276.45748919827895
84483.0,85483.0,85466.03333333334,127.98150473575508
85482.0,85484.0,85483.01666666666,0.2229858101063587

85481.0,86487.0,85499.78333333334,128.5254957384315
85482.0,86487.0,85566.96666666666,277.28066206910256
85483.0,86487.0,85768.01666666666,451.74109442123273
85484.0,86487.0,86119.11666666667,482.8367595664066

85485.0,86487.0,86470.11666666667,128.25210740958724
86487.0,86488.0,86487.01666666666,0.12802283703213974
86486.0,86488.0,86487.0,0.25819876662830693
86487.0,86488.0,86487.13333333333,0.33993493972321953

86487.0,86488.0,86487.5,0.5
86487.0,86488.0,86487.86666666667,0.33993493972321953
85486.0,86488.0,86471.3,128.2751339865806
86488.0,86488.0,86488.0,0.0

86487.0,86488.0,86487.98333333334,0.1280153875638589
86488.0,86489.0,86488.01666666666,0.12801911235218516
86488.0,86489.0,86488.05,0.21794415953919502
86488.0,86489.0,86488.16666666667,0.3726772854224204

86488.0,86490.0,86489.01666666666,0.8264719460971116
86488.0,86490.0,86489.75,0.5041493856868011
86489.0,86491.0,86489.98333333334,0.22298367167681282
86490.0,86491.0,86490.05,0.21794415953919502

86490.0,86491.0,86490.2,0.39999980926509127
85488.0,86491.0,86457.2,179.97655402973916
86490.0,86491.0,86490.91666666667,0.27638444071586993
86490.0,86491.0,86490.98333333334,0.12801911235218516

86491.0,86492.0,86491.26666666666,0.4422178655651533
86490.0,86493.0,86491.58333333333,0.5565275378547094
86491.0,86493.0,86491.96666666666,0.4459705510017896
85491.0,86493.0,86442.06666666667,218.18996819679367

86491.0,86493.0,86492.2,0.6000005086260864
86492.0,86493.0,86492.68333333333,0.465175990774006
86492.0,86493.0,86492.9,0.30000184376467925
86493.0,86493.0,86493.0,0.0

86493.0,86493.0,86493.0,0.0
86492.0,86493.0,86492.95,0.2179463474150519
86492.0,86493.0,86492.98333333334,0.12801911235218516
86493.0,86493.0,86493.0,0.0

86493.0,86493.0,86493.0,0.0
86493.0,86493.0,86493.0,0.0
85492.0,86493.0,86476.31666666667,128.1471148948648
86492.0,86493.0,86492.96666666666,0.1795069575329446

86493.0,86493.0,86493.0,0.0
86492.0,86493.0,86492.96666666666,0.1795069575329446
86493.0,86493.0,86493.0,0.0
86493.0,86493.0,86493.0,0.0

85490.0,86493.0,86476.26666666666,128.40104707457334
86493.0,86493.0,86493.0,0.0
86493.0,86493.0,86493.0,0.0
86492.0,86493.0,86492.98333333334,0.12801911235218516

85493.0,86494.0,86443.11666666667,217.9724058723813
85493.0,86494.0,86476.88333333333,128.09242648399268
86493.0,86494.0,86493.88333333333,0.3210232919579079
86494.0,86494.0,86494.0,0.0

86494.0,86494.0,86494.0,0.0
86494.0,86494.0,86494.0,0.0
86494.0,86494.0,86494.0,0.0
86494.0,86494.0,86494.0,0.0

86494.0,86494.0,86494.0,0.0
86494.0,86494.0,86494.0,0.0
86493.0,86494.0,86493.96666666666,0.1795069575329446
86494.0,86494.0,86494.0,0.0

86494.0,86494.0,86494.0,0.0
86494.0,86494.0,86494.0,0.0
86494.0,86494.0,86494.0,0.0
86494.0,86494.0,86494.0,0.0

86494.0,86494.0,86494.0,0.0
-1.0,86494.0,82169.18333333333,18851.13291422354
86492.0,86494.0,86493.96666666666,0.2560400870646666
86494.0,86494.0,86494.0,0.0

85493.0,86494.0,86477.31666666667,128.1471148948648
86492.0,86495.0,86494.0,0.3162283691728599
86493.0,86495.0,86494.06666666667,0.3091202120226968
85491.0,86495.0,86427.33333333333,250.24592348831362
