-1.0,53557.0,35655.21666666667,14831.705108866916
-1.0,53557.0,32153.333333333332,21323.07362590008
-1.0,74456.0,38638.23333333333,20702.64193878539
-1.0,74456.0,50114.2,15279.6870973634

-1.0,74456.0,50037.583333333336,26382.017500115275
-1.0,74456.0,58915.333333333336,25664.684011735302
-1.0,74456.0,67598.25,20555.920337480235
74456.0,74456.0,74456.0,0.0

-1.0,81423.0,68798.03333333334,23068.90152345551
-1.0,81423.0,66762.83333333333,28185.400594496135
-1.0,82414.0,74776.3,20023.2313528561
79418.0,82414.0,81021.95,861.1800900508779

81422.0,82414.0,81505.58333333333,273.8980523039838
81423.0,82414.0,81736.93333333333,460.91029013905563
81423.0,82414.0,82149.88333333333,437.9880170228091
82412.0,82414.0,82413.93333333333,0.3590112586846054

-1.0,94445.0,83025.86666666667,16250.560894388298
82413.0,94445.0,90100.5,5386.097577714944
93437.0,94453.0,94208.56666666667,421.57606536553266
93445.0,94453.0,94427.06666666667,127.91297389031861

94430.0,94456.0,94448.13333333333,4.797452910462028
94441.0,94457.0,94451.86666666667,2.9465611085353394
94453.0,94458.0,94453.86666666667,1.6069293652377137
94449.0,94465.0,94455.31666666667,2.425501317382656

-1.0,94465.0,91308.8,16955.804259702112
94457.0,94465.0,94458.78333333334,2.817159565190987
93464.0,94465.0,94261.5,398.7622307435306
94458.0,94465.0,94463.71666666666,2.708577384712242

94464.0,94465.0,94464.95,0.2179463474150519
94464.0,94465.0,94464.98333333334,0.1280153875638589
94465.0,94465.0,94465.0,0.0
94463.0,94465.0,94464.96666666666,0.2560382247043703

94465.0,94465.0,94465.0,0.0
94465.0,94465.0,94465.0,0.0
94464.0,94465.0,94464.96666666666,0.1795069575329446
94465.0,94465.0,94465.0,0.0

94465.0,94467.0,94465.53333333334,0.8653831612338377
94465.0,94467.0,94466.0,0.9660913224107257
94465.0,94467.0,94466.83333333333,0.5217494790806201
94467.0,94467.0,94467.0,0.0

94467.0,94468.0,94467.3,0.4582565705722682
94467.0,94468.0,94467.71666666666,0.4506177265146354
94467.0,94469.0,94467.95,0.3840585786325949
94467.0,94469.0,94468.23333333334,0.49553594994263217

94466.0,95469.0,94768.61666666667,458.3271063195508
-1.0,95470.0,88837.66666666667,23747.1432307598
-1.0,95470.0,92236.71666666666,17129.498179156453
95469.0,95470.0,95469.21666666666,0.41197513364545135

95469.0,95470.0,95469.61666666667,0.4861986838281753
95469.0,95470.0,95469.9,0.3000034332078942
95470.0,95470.0,95470.0,0.0
95470.0,95470.0,95470.0,0.0

95470.0,95470.0,95470.0,0.0
-1.0,95470.0,92270.95,17134.94987292055
95469.0,95470.0,95469.96666666666,0.1795069575329446
95470.0,95470.0,95470.0,0.0

95470.0,95470.0,95470.0,0.0
-1.0,95470.0,89105.26666666666,23814.65149151301
95470.0,95470.0,95470.0,0.0
95470.0,95470.0,95470.0,0.0

95470.0,95471.0,95470.3,0.4582565705722682
95470.0,95471.0,95470.66666666667,0.47140362165740596
94471.0,95471.0,95454.3,128.01488194528767
95471.0,95471.0,95471.0,0.0

-1.0,95471.0,92288.6,17137.748482224815
95470.0,95471.0,95470.96666666666,0.1795069575329446
95470.0,95471.0,95470.96666666666,0.1795069575329446
95471.0,95471.0,95471.0,0.0

95471.0,95471.0,95471.0,0.0
95471.0,95471.0,95471.0,0.0
94470.0,95471.0,95454.31666666667,128.1471148948648
95471.0,95471.0,95471.0,0.0

95470.0,95471.0,95470.96666666666,0.1795069575329446
95471.0,95471.0,95471.0,0.0
95471.0,95471.0,95471.0,0.0
95471.0,95471.0,95471.0,0.0

95471.0,95471.0,95471.0,0.0
95471.0,95471.0,95471.0,0.0
-1.0,95471.0,92288.6,17137.748482224815
94470.0,95471.0,95454.31666666667,128.1471148948648

95470.0,95471.0,95470.95,0.2179463474150519
95471.0,95471.0,95471.0,0.0
95470.0,95471.0,95470.98333333334,0.1280153875638589
-1.0,95471.0,93879.78333333334,12222.23694486357

-1.0,95471.0,89106.2,23814.900935338792
95470.0,95471.0,95470.98333333334,0.1280153875638589
95471.0,95471.0,95471.0,0.0
95471.0,95471.0,95471.0,0.0

95470.0,95471.0,95470.98333333334,0.1280153875638589
94470.0,95471.0,95454.31666666667,128.1471148948648
95471.0,95471.0,95471.0,0.0
95471.0,95471.0,95471.0,0.0

95471.0,95471.0,95471.0,0.0
95471.0,95471.0,95471.0,0.0
95470.0,95471.0,95470.98333333334,0.1280153875638589
95471.0,95471.0,95471.0,0.0

95470.0,95472.0,95470.98333333334,0.22298153322675904
95471.0,95472.0,95471.08333333333,0.2763861659782208
95471.0,95472.0,95471.26666666666,0.4422178655651533
-1.0,95472.0,93880.5,12222.330254497314

-1.0,96473.0,94180.76666666666,12269.923065999927
95472.0,96473.0,96022.11666666667,497.5993398869757
-1.0,96473.0,94731.13333333333,12337.748814737459
96472.0,96473.0,96472.78333333334,0.41197281875574593

96473.0,96473.0,96473.0,0.0
-1.0,96473.0,93257.06666666667,17317.588242272326
-1.0,96473.0,91649.3,21026.02083395714
96471.0,96473.0,96472.9,0.4358926948301038

96472.0,96473.0,96472.98333333334,0.1280153875638589
-1.0,96473.0,93257.2,17317.612986783122
96472.0,96473.0,96472.98333333334,0.1280153875638589
96472.0,96473.0,96472.96666666666,0.1795069575329446

95472.0,96473.0,96439.63333333333,179.68499906441463
96473.0,96473.0,96473.0,0.0
96473.0,96473.0,96473.0,0.0
96473.0,96473.0,96473.0,0.0

95471.0,96473.0,96422.9,218.38083707697754
96470.0,96473.0,96472.86666666667,0.5906677553555779
96471.0,96473.0,96472.96666666666,0.2560382247043703
-1.0,96473.0,91649.3,21026.02083395714
