-1.0,125508.0,120046.13043478261,25594.134303041323
125503.0,125508.0,125505.43478260869,1.813622488827932
125504.0,125508.0,125507.13043478261,1.2956228070900702
125505.0,125508.0,125507.69565217392,0.8564213713515194

125508.0,125508.0,125508.0,0.0
125508.0,125508.0,125508.0,0.0
125508.0,125509.0,125508.04347826086,0.20393094318872687
125508.0,125509.0,125508.17391304347,0.3790345908612246

125508.0,125509.0,125508.43478260869,0.4957283656891424
125508.0,125509.0,125508.91304347826,0.2817717058000202
125509.0,125509.0,125509.0,0.0
125508.0,125509.0,125508.91304347826,0.2817717058000202

125509.0,125512.0,125510.73913043478,1.4511580742530177
125508.0,125513.0,125511.60869565218,1.3101320249698358
125512.0,125513.0,125512.30434782608,0.460131959646454
125512.0,125513.0,125512.60869565218,0.4880409564982498

125512.0,125513.0,125512.91304347826,0.2817717058000202
125513.0,125514.0,125513.08695652174,0.28176832121588885
125511.0,125514.0,125513.17391304347,0.815724941868356
125513.0,125514.0,125513.69565217392,0.46012781440684536

125514.0,125514.0,125514.0,0.0
125514.0,125514.0,125514.0,0.0
125514.0,125514.0,125514.0,0.0
125514.0,125514.0,125514.0,0.0

125514.0,125514.0,125514.0,0.0
125514.0,125514.0,125514.0,0.0
125514.0,125514.0,125514.0,0.0
125514.0,125514.0,125514.0,0.0

125514.0,125515.0,125514.13043478261,0.3367824131376639
125514.0,125515.0,125514.47826086957,0.49952675357688553
125514.0,125515.0,125514.91304347826,0.2817717058000202
125515.0,125515.0,125515.0,0.0

125514.0,125516.0,125515.0,0.2948830686389469
125515.0,125516.0,125515.13043478261,0.3367824131376639
125514.0,125516.0,125515.47826086957,0.5800715487842723
125515.0,125516.0,125515.91304347826,0.28177509034349707

125516.0,125516.0,125516.0,0.0
125513.0,125516.0,125515.86956521739,0.6117928295661806
125516.0,125516.0,125516.0,0.0
125516.0,125516.0,125516.0,0.0

125513.0,125516.0,125515.86956521739,0.6117928295661806
125516.0,125516.0,125516.0,0.0
125516.0,125516.0,125516.0,0.0
125516.0,125516.0,125516.0,0.0

125516.0,125516.0,125516.0,0.0
125515.0,125517.0,125516.0,0.2948830686389469
125515.0,125518.0,125516.39130434782,0.7064388596522404
125516.0,125518.0,125517.08695652174,0.7753278961559537

125516.0,125519.0,125517.86956521739,0.536035859004481
125518.0,125519.0,125518.13043478261,0.3367824131376639
125518.0,125519.0,125518.39130434782,0.48804291058098503
125518.0,125519.0,125518.82608695653,0.37903207479143913

125519.0,125519.0,125519.0,0.0
125518.0,125519.0,125518.95652173914,0.20392626667796118
125519.0,125519.0,125519.0,0.0
125519.0,125519.0,125519.0,0.0

125519.0,125519.0,125519.0,0.0
125519.0,125519.0,125519.0,0.0
125519.0,125519.0,125519.0,0.0
125519.0,125519.0,125519.0,0.0

125519.0,125519.0,125519.0,0.0
125519.0,125519.0,125519.0,0.0
125519.0,125519.0,125519.0,0.0
125519.0,125519.0,125519.0,0.0

125519.0,125522.0,125519.56521739131,1.0140772837544276
125519.0,125522.0,125520.60869565218,1.2765147467544746
125519.0,125522.0,125521.39130434782,1.052497001879266
125522.0,125522.0,125522.0,0.0

125522.0,125522.0,125522.0,0.0
125522.0,125522.0,125522.0,0.0
125522.0,125522.0,125522.0,0.0
125522.0,125522.0,125522.0,0.0

125522.0,125522.0,125522.0,0.0
125522.0,125522.0,125522.0,0.0
125522.0,125522.0,125522.0,0.0
125522.0,125523.0,125522.04347826086,0.20393561959225406

125522.0,125523.0,125522.17391304347,0.37903710691430825
125522.0,125523.0,125522.39130434782,0.48804291058098503
125522.0,125523.0,125522.78260869565,0.4124725332652372
125523.0,125523.0,125523.0,0.0

125523.0,125523.0,125523.0,0.0
125523.0,125523.0,125523.0,0.0
125523.0,125523.0,125523.0,0.0
125522.0,125524.0,125523.0,0.2948830686389469

125523.0,125524.0,125523.21739130435,0.4124702211670673
125523.0,125524.0,125523.43478260869,0.4957302894694462
125523.0,125524.0,125523.86956521739,0.3367795814033198
125524.0,125524.0,125524.0,0.0

125524.0,125525.0,125524.13043478261,0.3367824131376639
125523.0,125525.0,125524.43478260869,0.5768054646649794
125525.0,125525.0,125525.0,0.0
125524.0,125525.0,125524.91304347826,0.28177509034349707

125525.0,125525.0,125525.0,0.0
125525.0,125525.0,125525.0,0.0
125525.0,125525.0,125525.0,0.0
125525.0,125525.0,125525.0,0.0

125525.0,125526.0,125525.21739130435,0.4124702211670673
125525.0,125526.0,125525.47826086957,0.49952675357688553
125525.0,125526.0,125525.86956521739,0.3367824131376639
125526.0,125526.0,125526.0,0.0

125525.0,125526.0,125525.82608695653,0.37903207479143913
125526.0,125526.0,125526.0,0.0
125526.0,125527.0,125526.04347826086,0.20393561959225406
125526.0,125527.0,125526.08695652174,0.28176832121588885

125526.0,125527.0,125526.13043478261,0.3367824131376639
125526.0,125527.0,125526.39130434782,0.48804291058098503
125526.0,125527.0,125526.78260869565,0.4124725332652372
125527.0,125527.0,125527.0,0.0

125527.0,125527.0,125527.0,0.0
125526.0,125527.0,125526.95652173914,0.20392626667796118
125527.0,125527.0,125527.0,0.0
125527.0,125527.0,125527.0,0.0

125525.0,125527.0,125526.82608695653,0.5635400270260729
125525.0,125527.0,125526.91304347826,0.407864224599324
125527.0,125527.0,125527.0,0.0
125527.0,125527.0,125527.0,0.0

125527.0,125527.0,125527.0,0.0
125526.0,125528.0,125527.0,0.2948830686389469
125527.0,125528.0,125527.21739130435,0.4124702211670673
125526.0,125528.0,125527.56521739131,0.5768021579104201
