125499.0,125505.0,125503.08695652174,1.839494870551201
125503.0,125505.0,125504.69565217392,0.5465121564150014
125504.0,125505.0,125504.91304347826,0.2817717058000202
125505.0,125505.0,125505.0,0.0

125503.0,125508.0,125505.34782608696,0.8652057169351041
125503.0,125508.0,125505.78260869565,1.1779327478560393
125506.0,125508.0,125506.95652173914,0.9990535071537711
125506.0,125508.0,125507.82608695653,0.5635417193155975

125508.0,125509.0,125508.30434782608,0.460131959646454
125508.0,125509.0,125508.60869565218,0.48804291058098503
125508.0,125509.0,125508.95652173914,0.20393094318872687
125509.0,125509.0,125509.0,0.0

125509.0,125509.0,125509.0,0.0
125509.0,125509.0,125509.0,0.0
125509.0,125509.0,125509.0,0.0
125509.0,125509.0,125509.0,0.0

125509.0,125512.0,125509.13043478261,0.6117943883832432
125509.0,125512.0,125509.52173913043,1.0159413945273899
125508.0,125512.0,125510.39130434782,1.206472520612535
125510.0,125512.0,125511.43478260869,0.5768071180351502

125511.0,125512.0,125511.82608695653,0.37903207479143913
125512.0,125512.0,125512.0,0.0
125512.0,125512.0,125512.0,0.0
125512.0,125512.0,125512.0,0.0

125512.0,125513.0,125512.04347826086,0.20393094318872687
125512.0,125513.0,125512.17391304347,0.37903710691430825
125511.0,125514.0,125512.52173913043,0.6507233922547575
125512.0,125514.0,125512.95652173914,0.6240303146628087

125512.0,125514.0,125513.39130434782,0.5702121594093564
125513.0,125514.0,125513.95652173914,0.20392626667796118
125514.0,125514.0,125514.0,0.0
125514.0,125514.0,125514.0,0.0

125514.0,125514.0,125514.0,0.0
125514.0,125514.0,125514.0,0.0
125514.0,125514.0,125514.0,0.0
125514.0,125515.0,125514.04347826086,0.20393561959225406

125514.0,125516.0,125514.60869565218,0.7655141321991905
125514.0,125516.0,125515.34782608696,0.6983630522577702
125514.0,125517.0,125515.86956521739,0.536035859004481
125516.0,125517.0,125516.13043478261,0.3367795814033198

125516.0,125517.0,125516.21739130435,0.4124702211670673
125515.0,125518.0,125516.69565217392,0.6209924003394058
125516.0,125518.0,125517.08695652174,0.5032964757767502
125517.0,125518.0,125517.47826086957,0.49952675357688553

125518.0,125520.0,125518.39130434782,0.7655141321991905
125518.0,125520.0,125518.95652173914,0.95454276278558
125518.0,125521.0,125519.86956521739,0.536035859004481
125519.0,125521.0,125520.17391304347,0.5635434116000404

125520.0,125521.0,125520.78260869565,0.4124725332652372
125520.0,125521.0,125520.91304347826,0.2817717058000202
125520.0,125521.0,125520.95652173914,0.20393094318872687
125520.0,125522.0,125521.0,0.41702992181434245

125521.0,125522.0,125521.39130434782,0.48804291058098503
125521.0,125522.0,125521.69565217392,0.46012988703131763
125522.0,125523.0,125522.04347826086,0.20393561959225406
125522.0,125523.0,125522.26086956522,0.4391101091847935

125522.0,125523.0,125522.52173913043,0.49952866272887214
125522.0,125523.0,125522.91304347826,0.2817717058000202
125522.0,125523.0,125522.95652173914,0.20392626667796118
125523.0,125523.0,125523.0,0.0

125523.0,125523.0,125523.0,0.0
125523.0,125523.0,125523.0,0.0
125523.0,125523.0,125523.0,0.0
125523.0,125523.0,125523.0,0.0

125523.0,125523.0,125523.0,0.0
125523.0,125524.0,125523.08695652174,0.2817717058000202
125522.0,125524.0,125523.13043478261,0.4476364797117746
125523.0,125524.0,125523.52173913043,0.49952675357688553

125523.0,125524.0,125523.73913043478,0.4391079373453052
125524.0,125524.0,125524.0,0.0
125524.0,125524.0,125524.0,0.0
125523.0,125524.0,125523.91304347826,0.2817717058000202

125524.0,125524.0,125524.0,0.0
125524.0,125524.0,125524.0,0.0
125520.0,125524.0,125523.82608695653,0.8157237727549075
125523.0,125524.0,125523.91304347826,0.2817717058000202

125524.0,125524.0,125524.0,0.0
125524.0,125524.0,125524.0,0.0
125524.0,125524.0,125524.0,0.0
125524.0,125524.0,125524.0,0.0

125524.0,125525.0,125524.34782608696,0.4762802538936749
125523.0,125525.0,125524.73913043478,0.5289345940752697
125525.0,125525.0,125525.0,0.0
125525.0,125525.0,125525.0,0.0

125525.0,125525.0,125525.0,0.0
125523.0,125525.0,125524.91304347826,0.407864224599324
125525.0,125525.0,125525.0,0.0
125525.0,125525.0,125525.0,0.0

125525.0,125525.0,125525.0,0.0
125525.0,125525.0,125525.0,0.0
125525.0,125525.0,125525.0,0.0
125525.0,125525.0,125525.0,0.0

125525.0,125525.0,125525.0,0.0
125524.0,125525.0,125524.95652173914,0.20392626667796118
125524.0,125525.0,125524.91304347826,0.28177509034349707
125525.0,125525.0,125525.0,0.0

125525.0,125525.0,125525.0,0.0
125525.0,125525.0,125525.0,0.0
125525.0,125525.0,125525.0,0.0
125525.0,125525.0,125525.0,0.0

125524.0,125525.0,125524.95652173914,0.20392626667796118
125525.0,125525.0,125525.0,0.0
125521.0,125525.0,125524.82608695653,0.8157226036397834
125525.0,125525.0,125525.0,0.0

125525.0,125525.0,125525.0,0.0
125525.0,125525.0,125525.0,0.0
125523.0,125525.0,125524.91304347826,0.407864224599324
125525.0,125525.0,125525.0,0.0

125525.0,125525.0,125525.0,0.0
125525.0,125525.0,125525.0,0.0
125525.0,125525.0,125525.0,0.0
125525.0,125525.0,125525.0,0.0

125524.0,125525.0,125524.95652173914,0.20392626667796118
125524.0,125525.0,125524.95652173914,0.20392626667796118
125525.0,125525.0,125525.0,0.0
125525.0,125525.0,125525.0,0.0

125525.0,125525.0,125525.0,0.0
125525.0,125525.0,125525.0,0.0
125525.0,125525.0,125525.0,0.0
125525.0,125525.0,125525.0,0.0
