125500.0,125505.0,125503.04347826086,1.7564360930655682
125503.0,125505.0,125504.47826086957,0.5800731928451937
125504.0,125505.0,125504.95652173914,0.20393094318872687
125505.0,125507.0,125505.08695652174,0.40785954814217873

125505.0,125507.0,125505.60869565218,0.8717361613105903
125505.0,125509.0,125506.30434782608,1.039848775872997
125505.0,125509.0,125507.13043478261,1.034380236840029
125506.0,125509.0,125508.13043478261,0.9914576932698366

125509.0,125509.0,125509.0,0.0
125509.0,125509.0,125509.0,0.0
125509.0,125511.0,125509.17391304347,0.5635434116000404
125508.0,125511.0,125509.73913043478,0.9876364311905691

125509.0,125511.0,125510.34782608696,0.8652068191859218
125510.0,125511.0,125510.91304347826,0.2817717058000202
-1.0,125511.0,114596.91304347826,35365.68376254642
125511.0,125511.0,125511.0,0.0

125511.0,125512.0,125511.39130434782,0.48804291058098503
125510.0,125513.0,125511.78260869565,0.5865540376112723
125511.0,125513.0,125512.08695652174,0.40786188637745374
125511.0,125513.0,125512.26086956522,0.5289363970821096

125512.0,125513.0,125512.82608695653,0.37903207479143913
125513.0,125514.0,125513.04347826086,0.20393561959225406
125513.0,125514.0,125513.08695652174,0.28176832121588885
125513.0,125515.0,125513.34782608696,0.560175862627365

125513.0,125515.0,125513.86956521739,0.6117928295661806
125513.0,125515.0,125514.26086956522,0.5289363970821096
125514.0,125515.0,125514.69565217392,0.46012988703131763
125515.0,125515.0,125515.0,0.0

125515.0,125515.0,125515.0,0.0
125514.0,125516.0,125515.0,0.2948830686389469
125515.0,125516.0,125515.26086956522,0.4391101091847935
125515.0,125516.0,125515.30434782608,0.460131959646454

125515.0,125516.0,125515.69565217392,0.46012988703131763
125515.0,125516.0,125515.91304347826,0.28177509034349707
125516.0,125518.0,125516.08695652174,0.40785954814217873
125516.0,125518.0,125516.34782608696,0.7580691817224492

125515.0,125518.0,125516.65217391304,1.004715292918456
125516.0,125518.0,125517.39130434782,0.8717372553041176
125518.0,125518.0,125518.0,0.0
125518.0,125518.0,125518.0,0.0

125518.0,125518.0,125518.0,0.0
125518.0,125518.0,125518.0,0.0
125518.0,125518.0,125518.0,0.0
125518.0,125518.0,125518.0,0.0

125518.0,125518.0,125518.0,0.0
125518.0,125518.0,125518.0,0.0
125518.0,125518.0,125518.0,0.0
125518.0,125518.0,125518.0,0.0

125518.0,125518.0,125518.0,0.0
125518.0,125518.0,125518.0,0.0
125518.0,125518.0,125518.0,0.0
125518.0,125518.0,125518.0,0.0

125518.0,125518.0,125518.0,0.0
125518.0,125518.0,125518.0,0.0
125518.0,125518.0,125518.0,0.0
125518.0,125518.0,125518.0,0.0

125518.0,125518.0,125518.0,0.0
125518.0,125518.0,125518.0,0.0
125518.0,125518.0,125518.0,0.0
125517.0,125518.0,125517.95652173914,0.20392626667796118

125518.0,125518.0,125518.0,0.0
125518.0,125518.0,125518.0,0.0
125515.0,125518.0,125517.78260869565,0.7196940980212096
125518.0,125518.0,125518.0,0.0

125518.0,125518.0,125518.0,0.0
125518.0,125518.0,125518.0,0.0
125518.0,125518.0,125518.0,0.0
125518.0,125519.0,125518.04347826086,0.20393561959225406

125518.0,125519.0,125518.08695652174,0.28176832121588885
125517.0,125519.0,125518.08695652174,0.5032945809172438
125518.0,125519.0,125518.52173913043,0.49952675357688553
125518.0,125519.0,125518.86956521739,0.3367795814033198

125518.0,125519.0,125518.91304347826,0.2817717058000202
125519.0,125519.0,125519.0,0.0
125519.0,125519.0,125519.0,0.0
125519.0,125519.0,125519.0,0.0

125516.0,125519.0,125518.86956521739,0.6117928295661806
125519.0,125519.0,125519.0,0.0
125519.0,125519.0,125519.0,0.0
125519.0,125519.0,125519.0,0.0

125519.0,125519.0,125519.0,0.0
125519.0,125519.0,125519.0,0.0
125519.0,125519.0,125519.0,0.0
125519.0,125519.0,125519.0,0.0

125519.0,125520.0,125519.17391304347,0.37903710691430825
125519.0,125520.0,125519.52173913043,0.49952866272887214
125520.0,125520.0,125520.0,0.0
125520.0,125520.0,125520.0,0.0

125519.0,125520.0,125519.95652173914,0.20393094318872687
125520.0,125520.0,125520.0,0.0
125520.0,125520.0,125520.0,0.0
125520.0,125520.0,125520.0,0.0

125520.0,125520.0,125520.0,0.0
125520.0,125520.0,125520.0,0.0
125520.0,125520.0,125520.0,0.0
125520.0,125520.0,125520.0,0.0

125520.0,125520.0,125520.0,0.0
125519.0,125520.0,125519.91304347826,0.28177509034349707
125520.0,125520.0,125520.0,0.0
125520.0,125520.0,125520.0,0.0

125520.0,125521.0,125520.39130434782,0.48804291058098503
125520.0,125521.0,125520.86956521739,0.3367824131376639
125521.0,125521.0,125521.0,0.0
125521.0,125521.0,125521.0,0.0

125521.0,125521.0,125521.0,0.0
125521.0,125521.0,125521.0,0.0
125520.0,125521.0,125520.95652173914,0.20393094318872687
125521.0,125521.0,125521.0,0.0

125521.0,125521.0,125521.0,0.0
125520.0,125521.0,125520.95652173914,0.20393094318872687
125521.0,125521.0,125521.0,0.0
125521.0,125521.0,125521.0,0.0

125521.0,125522.0,125521.39130434782,0.48804291058098503
125521.0,125522.0,125521.82608695653,0.37903207479143913
125522.0,125522.0,125522.0,0.0
125521.0,125522.0,125521.95652173914,0.20392626667796118

125522.0,125522.0,125522.0,0.0
125522.0,125522.0,125522.0,0.0
125522.0,125522.0,125522.0,0.0
125522.0,125522.0,125522.0,0.0
