-1.0,125505.0,114589.39130434782,35363.362547599594
-1.0,125505.0,114590.95652173914,35363.84554570837
125504.0,125505.0,125504.86956521739,0.3367795814033198
125505.0,125505.0,125505.0,0.0

125505.0,125505.0,125505.0,0.0
125505.0,125505.0,125505.0,0.0
125505.0,125505.0,125505.0,0.0
125505.0,125505.0,125505.0,0.0

125504.0,125508.0,125505.60869565218,1.1698803010664134
125505.0,125508.0,125506.69565217392,1.299992135831081
125505.0,125508.0,125507.69565217392,0.6874500603310896
125508.0,125508.0,125508.0,0.0

125508.0,125508.0,125508.0,0.0
125508.0,125509.0,125508.04347826086,0.20393094318872687
125508.0,125509.0,125508.13043478261,0.3367824131376639
125508.0,125509.0,125508.30434782608,0.460131959646454

125508.0,125509.0,125508.65217391304,0.4762802538936749
125508.0,125509.0,125508.86956521739,0.3367824131376639
125509.0,125509.0,125509.0,0.0
125509.0,125509.0,125509.0,0.0

125509.0,125509.0,125509.0,0.0
125509.0,125509.0,125509.0,0.0
125509.0,125509.0,125509.0,0.0
125509.0,125509.0,125509.0,0.0

125509.0,125509.0,125509.0,0.0
125509.0,125509.0,125509.0,0.0
125508.0,125510.0,125508.86956521739,0.4476364797117746
125508.0,125510.0,125509.13043478261,0.4476364797117746

125509.0,125510.0,125509.43478260869,0.4957302894694462
125509.0,125510.0,125509.65217391304,0.4762802538936749
125509.0,125510.0,125509.82608695653,0.3790345908612246
125510.0,125510.0,125510.0,0.0

125510.0,125511.0,125510.13043478261,0.3367824131376639
125510.0,125511.0,125510.52173913043,0.49952675357688553
125510.0,125512.0,125510.95652173914,0.46421964405837834
125511.0,125512.0,125511.34782608696,0.4762802538936749

125510.0,125512.0,125511.65217391304,0.5601792675274391
125512.0,125512.0,125512.0,0.0
125512.0,125512.0,125512.0,0.0
125512.0,125512.0,125512.0,0.0

125512.0,125512.0,125512.0,0.0
125511.0,125512.0,125511.95652173914,0.20393094318872687
125512.0,125512.0,125512.0,0.0
125512.0,125512.0,125512.0,0.0

125509.0,125512.0,125511.47826086957,1.137103772583674
125512.0,125512.0,125512.0,0.0
125512.0,125512.0,125512.0,0.0
125512.0,125512.0,125512.0,0.0

125512.0,125512.0,125512.0,0.0
125512.0,125512.0,125512.0,0.0
125511.0,125512.0,125511.95652173914,0.20393094318872687
125512.0,125512.0,125512.0,0.0

125512.0,125512.0,125512.0,0.0
125512.0,125512.0,125512.0,0.0
125512.0,125512.0,125512.0,0.0
125512.0,125513.0,125512.17391304347,0.37903710691430825

125512.0,125513.0,125512.30434782608,0.460131959646454
125512.0,125513.0,125512.69565217392,0.46012781440684536
125513.0,125513.0,125513.0,0.0
125513.0,125513.0,125513.0,0.0

125512.0,125516.0,125514.04347826086,1.398082155228567
125511.0,125518.0,125515.52173913043,1.5567404835834195
125515.0,125519.0,125516.78260869565,1.101640414465266
125516.0,125519.0,125517.60869565218,0.8717361613105903

125516.0,125519.0,125517.91304347826,0.6536231372636729
125518.0,125519.0,125518.17391304347,0.37903710691430825
125518.0,125519.0,125518.69565217392,0.46012781440684536
125519.0,125519.0,125519.0,0.0

125519.0,125519.0,125519.0,0.0
125519.0,125519.0,125519.0,0.0
125519.0,125519.0,125519.0,0.0
125519.0,125519.0,125519.0,0.0

125517.0,125519.0,125518.82608695653,0.5635417193155975
125519.0,125519.0,125519.0,0.0
125518.0,125520.0,125519.0,0.2948830686389469
125519.0,125520.0,125519.13043478261,0.3367824131376639

125519.0,125520.0,125519.43478260869,0.4957302894694462
125519.0,125520.0,125519.78260869565,0.4124725332652372
125517.0,125520.0,125519.60869565218,1.01034251986457
125520.0,125520.0,125520.0,0.0

125520.0,125520.0,125520.0,0.0
125520.0,125520.0,125520.0,0.0
125520.0,125520.0,125520.0,0.0
125520.0,125520.0,125520.0,0.0

125520.0,125521.0,125520.34782608696,0.4762802538936749
125520.0,125521.0,125520.73913043478,0.4391079373453052
125519.0,125521.0,125520.91304347826,0.40786188637745374
125517.0,125521.0,125520.78260869565,0.8317882200815339

125521.0,125521.0,125521.0,0.0
125520.0,125521.0,125520.91304347826,0.2817717058000202
125521.0,125521.0,125521.0,0.0
125521.0,125521.0,125521.0,0.0

125521.0,125521.0,125521.0,0.0
125521.0,125521.0,125521.0,0.0
125520.0,125521.0,125520.91304347826,0.2817717058000202
125518.0,125521.0,125520.86956521739,0.6117928295661806

125521.0,125521.0,125521.0,0.0
125521.0,125521.0,125521.0,0.0
125519.0,125521.0,125520.91304347826,0.40786188637745374
125521.0,125521.0,125521.0,0.0

125520.0,125521.0,125520.91304347826,0.2817717058000202
125521.0,125521.0,125521.0,0.0
125517.0,125521.0,125520.82608695653,0.8157237727549075
125521.0,125521.0,125521.0,0.0

125521.0,125521.0,125521.0,0.0
125521.0,125521.0,125521.0,0.0
125520.0,125521.0,125520.91304347826,0.2817717058000202
125520.0,125521.0,125520.95652173914,0.20393094318872687

125521.0,125521.0,125521.0,0.0
125521.0,125521.0,125521.0,0.0
125521.0,125521.0,125521.0,0.0
125521.0,125521.0,125521.0,0.0

125521.0,125521.0,125521.0,0.0
125521.0,125521.0,125521.0,0.0
125521.0,125521.0,125521.0,0.0
125519.0,125521.0,125520.73913043478,0.6735619945469362

125521.0,125522.0,125521.26086956522,0.4391079373453052
125521.0,125522.0,125521.47826086957,0.49952675357688553
125521.0,125522.0,125521.95652173914,0.20392626667796118
125522.0,125522.0,125522.0,0.0
