-1.0,125505.0,114589.43478260869,35363.37597476667
-1.0,125505.0,114591.08695652174,35363.88579858052
125504.0,125506.0,125505.0,0.2948830686389469
125505.0,125506.0,125505.04347826086,0.20393561959225406

125505.0,125508.0,125505.86956521739,1.2956228070900702
125505.0,125509.0,125507.17391304347,1.3721512848660566
125505.0,125509.0,125507.95652173914,0.6901941396733626
125508.0,125509.0,125508.39130434782,0.48804291058098503

125508.0,125509.0,125508.73913043478,0.4391079373453052
125508.0,125509.0,125508.95652173914,0.20393094318872687
125509.0,125509.0,125509.0,0.0
125509.0,125509.0,125509.0,0.0

125509.0,125509.0,125509.0,0.0
125509.0,125509.0,125509.0,0.0
125509.0,125509.0,125509.0,0.0
125509.0,125509.0,125509.0,0.0

125509.0,125511.0,125509.17391304347,0.5635434116000404
-1.0,125511.0,120052.82608695653,25595.561741038568
125509.0,125511.0,125510.65217391304,0.6983644178417324
125510.0,125511.0,125510.95652173914,0.20392626667796118

125510.0,125512.0,125511.0,0.2948830686389469
125511.0,125512.0,125511.08695652174,0.28176832121588885
125511.0,125512.0,125511.26086956522,0.4391101091847935
125510.0,125513.0,125511.60869565218,0.6419485422588037

125512.0,125514.0,125512.73913043478,0.8952718941898976
125512.0,125514.0,125513.60869565218,0.7655128864023433
125513.0,125515.0,125514.0,0.2948830686389469
125514.0,125515.0,125514.17391304347,0.37903710691430825

125514.0,125515.0,125514.52173913043,0.49952866272887214
125514.0,125515.0,125514.78260869565,0.4124702211670673
125514.0,125516.0,125515.0,0.2948830686389469
125515.0,125516.0,125515.08695652174,0.28176832121588885

125515.0,125516.0,125515.26086956522,0.4391101091847935
125515.0,125516.0,125515.52173913043,0.49952675357688553
125515.0,125516.0,125515.82608695653,0.37903207479143913
125516.0,125516.0,125516.0,0.0

125516.0,125516.0,125516.0,0.0
125516.0,125516.0,125516.0,0.0
125516.0,125516.0,125516.0,0.0
125516.0,125516.0,125516.0,0.0

125516.0,125516.0,125516.0,0.0
125516.0,125516.0,125516.0,0.0
125516.0,125516.0,125516.0,0.0
125516.0,125516.0,125516.0,0.0

125516.0,125518.0,125516.78260869565,0.9760848441220695
125516.0,125518.0,125517.39130434782,0.9202618466801056
125515.0,125518.0,125517.78260869565,0.7196940980212096
125518.0,125518.0,125518.0,0.0

125517.0,125519.0,125518.08695652174,0.40785954814217873
125518.0,125519.0,125518.21739130435,0.4124702211670673
125518.0,125519.0,125518.65217391304,0.4762802538936749
125518.0,125519.0,125518.86956521739,0.3367795814033198

125519.0,125519.0,125519.0,0.0
125519.0,125519.0,125519.0,0.0
125519.0,125519.0,125519.0,0.0
125519.0,125519.0,125519.0,0.0

125519.0,125519.0,125519.0,0.0
125519.0,125519.0,125519.0,0.0
125518.0,125519.0,125518.91304347826,0.2817717058000202
125519.0,125519.0,125519.0,0.0

125519.0,125519.0,125519.0,0.0
125519.0,125519.0,125519.0,0.0
125519.0,125519.0,125519.0,0.0
125519.0,125519.0,125519.0,0.0

125519.0,125519.0,125519.0,0.0
125519.0,125519.0,125519.0,0.0
125519.0,125519.0,125519.0,0.0
125517.0,125519.0,125518.91304347826,0.40786188637745374

125519.0,125521.0,125519.26086956522,0.6735619945469362
125519.0,125521.0,125519.95652173914,0.95454276278558
125519.0,125521.0,125520.65217391304,0.7580691817224492
125521.0,125521.0,125521.0,0.0

125521.0,125521.0,125521.0,0.0
125521.0,125521.0,125521.0,0.0
125521.0,125521.0,125521.0,0.0
125521.0,125521.0,125521.0,0.0

125520.0,125521.0,125520.95652173914,0.20393094318872687
125520.0,125521.0,125520.95652173914,0.20393094318872687
-1.0,125521.0,120063.52173913043,25597.842043676395
125521.0,125523.0,125521.08695652174,0.40786188637745374

125521.0,125523.0,125521.52173913043,0.8782180465327841
125521.0,125523.0,125522.39130434782,0.9202618466801056
125523.0,125523.0,125523.0,0.0
125523.0,125523.0,125523.0,0.0

125523.0,125523.0,125523.0,0.0
125523.0,125523.0,125523.0,0.0
125523.0,125523.0,125523.0,0.0
125519.0,125523.0,125522.82608695653,0.8157237727549075

125523.0,125523.0,125523.0,0.0
125523.0,125523.0,125523.0,0.0
125523.0,125524.0,125523.04347826086,0.20393094318872687
125522.0,125524.0,125523.17391304347,0.4802344766756034

125523.0,125524.0,125523.43478260869,0.4957302894694462
125523.0,125524.0,125523.86956521739,0.3367795814033198
125524.0,125524.0,125524.0,0.0
125524.0,125524.0,125524.0,0.0

125524.0,125524.0,125524.0,0.0
125524.0,125524.0,125524.0,0.0
125524.0,125524.0,125524.0,0.0
125524.0,125524.0,125524.0,0.0

125524.0,125524.0,125524.0,0.0
125524.0,125524.0,125524.0,0.0
125524.0,125524.0,125524.0,0.0
125524.0,125524.0,125524.0,0.0

125524.0,125524.0,125524.0,0.0
125521.0,125524.0,125523.86956521739,0.6117928295661806
125524.0,125524.0,125524.0,0.0
125524.0,125524.0,125524.0,0.0

125524.0,125526.0,125524.34782608696,0.6330535806213404
125524.0,125526.0,125525.13043478261,0.7969695390458735
125524.0,125526.0,125525.82608695653,0.48023050495634384
125526.0,125526.0,125526.0,0.0

125526.0,125526.0,125526.0,0.0
125526.0,125526.0,125526.0,0.0
125526.0,125526.0,125526.0,0.0
125526.0,125526.0,125526.0,0.0

125526.0,125526.0,125526.0,0.0
125526.0,125526.0,125526.0,0.0
125526.0,125526.0,125526.0,0.0
125526.0,125526.0,125526.0,0.0
