-1.0,125505.0,114589.47826086957,35363.38938835098
-1.0,125505.0,114591.08695652174,35363.885814563415
125505.0,125507.0,125505.17391304347,0.5635451038794014
125505.0,125507.0,125505.86956521739,0.9914567313782848

125505.0,125509.0,125507.0,1.1795355086275618
125505.0,125511.0,125507.60869565218,1.2419871042660169
125505.0,125511.0,125508.21739130435,1.6406918466664524
125507.0,125511.0,125509.86956521739,1.2956228070900702

125509.0,125511.0,125510.73913043478,0.6735619945469362
125511.0,125512.0,125511.04347826086,0.20393561959225406
125511.0,125512.0,125511.17391304347,0.37903710691430825
125511.0,125512.0,125511.39130434782,0.48804291058098503

125511.0,125512.0,125511.65217391304,0.4762822562280231
125512.0,125515.0,125512.26086956522,0.845313989211373
125512.0,125515.0,125512.91304347826,1.315891063181574
125512.0,125515.0,125513.95652173914,1.1601439195998788

125514.0,125515.0,125514.86956521739,0.3367795814033198
125513.0,125515.0,125514.82608695653,0.5635417193155975
125515.0,125515.0,125515.0,0.0
125515.0,125515.0,125515.0,0.0

125515.0,125515.0,125515.0,0.0
125515.0,125515.0,125515.0,0.0
125515.0,125515.0,125515.0,0.0
125515.0,125516.0,125515.04347826086,0.20393561959225406

125515.0,125516.0,125515.17391304347,0.37903710691430825
125515.0,125516.0,125515.65217391304,0.4762822562280231
125515.0,125516.0,125515.95652173914,0.20393094318872687
125516.0,125516.0,125516.0,0.0

125516.0,125516.0,125516.0,0.0
125516.0,125516.0,125516.0,0.0
125516.0,125516.0,125516.0,0.0
125516.0,125516.0,125516.0,0.0

125516.0,125517.0,125516.08695652174,0.28176832121588885
125516.0,125517.0,125516.17391304347,0.37903710691430825
125516.0,125517.0,125516.47826086957,0.49952675357688553
125516.0,125518.0,125517.0,0.2948830686389469

125517.0,125518.0,125517.30434782608,0.460131959646454
125517.0,125518.0,125517.60869565218,0.48804291058098503
125517.0,125518.0,125517.95652173914,0.20392626667796118
125518.0,125518.0,125518.0,0.0

125518.0,125518.0,125518.0,0.0
125517.0,125519.0,125518.0,0.2948830686389469
125517.0,125519.0,125518.08695652174,0.40785954814217873
125518.0,125519.0,125518.39130434782,0.48804291058098503

125518.0,125519.0,125518.86956521739,0.3367795814033198
125519.0,125519.0,125519.0,0.0
125519.0,125519.0,125519.0,0.0
125519.0,125519.0,125519.0,0.0

125518.0,125520.0,125519.0,0.2948830686389469
125518.0,125519.0,125518.95652173914,0.20392626667796118
125519.0,125519.0,125519.0,0.0
125519.0,125519.0,125519.0,0.0

125519.0,125519.0,125519.0,0.0
125519.0,125519.0,125519.0,0.0
125519.0,125519.0,125519.0,0.0
125518.0,125519.0,125518.95652173914,0.20392626667796118

125518.0,125522.0,125519.52173913043,1.0982026067416255
125519.0,125522.0,125520.21739130435,1.3817603639890714
125519.0,125522.0,125521.26086956522,1.0307190424091162
125522.0,125522.0,125522.0,0.0

125522.0,125523.0,125522.17391304347,0.37903710691430825
125522.0,125523.0,125522.47826086957,0.49952675357688553
125522.0,125523.0,125522.82608695653,0.37903207479143913
125523.0,125523.0,125523.0,0.0

125523.0,125523.0,125523.0,0.0
125523.0,125523.0,125523.0,0.0
125523.0,125523.0,125523.0,0.0
125523.0,125523.0,125523.0,0.0

125520.0,125523.0,125522.73913043478,0.845313989211373
125523.0,125523.0,125523.0,0.0
125523.0,125523.0,125523.0,0.0
125523.0,125523.0,125523.0,0.0

125523.0,125524.0,125523.30434782608,0.460131959646454
125522.0,125524.0,125523.43478260869,0.5768054646649794
125523.0,125524.0,125523.95652173914,0.20393094318872687
125524.0,125524.0,125524.0,0.0

125524.0,125525.0,125524.17391304347,0.37903710691430825
125524.0,125525.0,125524.65217391304,0.4762822562280231
125524.0,125525.0,125524.95652173914,0.20392626667796118
125525.0,125525.0,125525.0,0.0

125525.0,125525.0,125525.0,0.0
125525.0,125525.0,125525.0,0.0
125524.0,125525.0,125524.95652173914,0.20392626667796118
125525.0,125525.0,125525.0,0.0

125525.0,125526.0,125525.26086956522,0.4391101091847935
125525.0,125526.0,125525.65217391304,0.4762822562280231
125525.0,125526.0,125525.95652173914,0.20392626667796118
125526.0,125526.0,125526.0,0.0

125526.0,125526.0,125526.0,0.0
125526.0,125526.0,125526.0,0.0
125526.0,125526.0,125526.0,0.0
125526.0,125526.0,125526.0,0.0

125526.0,125526.0,125526.0,0.0
125526.0,125526.0,125526.0,0.0
125526.0,125529.0,125526.26086956522,0.845313989211373
125526.0,125529.0,125526.52173913043,1.1371046112705094

125526.0,125529.0,125527.69565217392,1.4871850970674272
125526.0,125529.0,125528.34782608696,1.2374122049033418
125529.0,125529.0,125529.0,0.0
125529.0,125529.0,125529.0,0.0

125529.0,125529.0,125529.0,0.0
125527.0,125529.0,125528.91304347826,0.407864224599324
125529.0,125529.0,125529.0,0.0
125529.0,125529.0,125529.0,0.0

125529.0,125529.0,125529.0,0.0
125527.0,125529.0,125528.78260869565,0.5865556635023813
125529.0,125529.0,125529.0,0.0
125529.0,125529.0,125529.0,0.0

125529.0,125529.0,125529.0,0.0
125529.0,125529.0,125529.0,0.0
125528.0,125529.0,125528.91304347826,0.28177509034349707
125529.0,125529.0,125529.0,0.0

125529.0,125529.0,125529.0,0.0
125529.0,125529.0,125529.0,0.0
125529.0,125529.0,125529.0,0.0
125529.0,125529.0,125529.0,0.0

125529.0,125529.0,125529.0,0.0
125529.0,125529.0,125529.0,0.0
125529.0,125529.0,125529.0,0.0
125529.0,125529.0,125529.0,0.0
