The best solution of population 1
Id, X, Y
0,462.38211628327576,789.721143400618
1,317.3682934927825,251.2224996317124
2,250.61942888216288,339.5260304979477
3,277.9275829198842,559.0903200056857
4,167.352693900869,437.89370642941594
5,252.89506698844366,292.96058404626706
6,208.1183008420248,185.83557768476518
7,228.92007733136546,132.82253905452598
8,291.5394117486495,183.35961830156637
9,441.4574548322104,566.7111333010482
10,337.3158647919728,665.8517065764448
11,99.56982937073037,652.0223911961125
12,326.55720183906965,545.6934335843221
13,109.42518311346335,555.0481723015962
14,678.1170323962987,162.8004949325698
15,213.6377182178405,349.24788382472985
16,207.97746730462183,259.686474458081
17,618.953223275654,209.03671617667436
18,526.5416700050912,282.70636349312883
19,297.25560586668496,217.53954611900193
20,404.29018129369115,299.57013238969023
21,504.2662918449264,380.22116302810446
22,549.4504724738672,625.9229116016128
23,308.3523348398775,677.8676656665465
24,625.7652307194272,759.7359355443914
25,610.9510032303546,656.6806903245113
26,723.6528324371271,638.0162551086472
27,407.02832240735376,681.2651498436915
28,793.058517812173,188.0717898568016
29,612.0009050984347,91.0468002982672
30,258.94055051668084,369.7270483934798
31,739.4577746097282,760.9664715049984
32,680.6855215221326,727.0005299137703
33,198.2896217922767,481.1643609691411
34,209.13941104084873,248.9012635629186
35,138.35827066163264,336.97919154663185
36,286.328775956383,91.40392292401889
37,137.24417844672755,555.1213156833702
38,273.3932313338331,826.0039498392622
39,419.13727120732995,570.7595962282487
40,344.87386466801826,624.8811888977426
41,487.9679320568746,816.7804411836397
42,320.4169463751465,705.8425440693619
43,217.0824262814666,737.5553782811538
44,616.1068352808601,832.9944440028962
45,778.4940632715364,558.883257620398
46,547.1713747418447,487.23797514476996
47,604.2487179964094,909.031299250843
48,484.3037289087358,866.9756122481289
Coverage 
(109,)
Tolerance 
(1,)
Redundancy 
(403,)
Evolution of the best individual 
[(61441.0,), (64449.0,), (68436.0,), (68436.0,), (77372.0,), (80377.0,), (80377.0,), (80377.0,), (81438.0,), (81438.0,), (81438.0,), (82401.0,), (85426.0,), (85435.0,), (85435.0,), (85435.0,), (104436.0,), (104436.0,), (104436.0,), (104436.0,), (105447.0,), (105447.0,), (105447.0,), (105447.0,), (105447.0,), (105447.0,), (105447.0,), (105447.0,), (105447.0,), (105449.0,), (105449.0,), (105449.0,), (108467.0,), (108467.0,), (108467.0,), (108468.0,), (109473.0,), (109480.0,), (109480.0,), (109480.0,), (109491.0,), (109491.0,), (109491.0,), (109491.0,), (109491.0,), (109491.0,), (109491.0,), (109491.0,), (109491.0,), (109491.0,), (109491.0,), (109491.0,), (109492.0,), (109494.0,), (109494.0,), (109495.0,), (109496.0,), (109496.0,), (109496.0,), (109496.0,), (109497.0,), (109497.0,), (109497.0,), (109497.0,), (109497.0,), (109497.0,), (109497.0,), (109498.0,), (109498.0,), (109498.0,), (109498.0,), (109498.0,), (109498.0,), (109499.0,), (109499.0,), (109499.0,), (109501.0,), (109501.0,), (109501.0,), (109501.0,), (109501.0,), (109501.0,), (109501.0,), (109501.0,), (109501.0,), (109501.0,), (109501.0,), (109501.0,), (109501.0,), (109501.0,), (109501.0,), (109501.0,), (109501.0,), (109501.0,), (109501.0,), (109501.0,), (109502.0,), (109502.0,), (109502.0,), (109502.0,), (109502.0,), (109502.0,), (109502.0,), (109502.0,), (109502.0,), (109502.0,), (109502.0,), (109502.0,), (109502.0,), (109502.0,), (109502.0,), (109502.0,), (109502.0,), (109502.0,), (109502.0,), (109502.0,), (109503.0,), (109503.0,), (109503.0,), (109503.0,)]
The best solution of population 2
Id, X, Y
0,462.38211628327576,789.721143400618
1,317.3682934927825,251.2224996317124
2,250.61942888216288,339.5260304979477
3,277.9275829198842,559.0903200056857
4,167.352693900869,437.89370642941594
5,252.89506698844366,292.96058404626706
6,208.1183008420248,185.83557768476518
7,228.92007733136546,132.82253905452598
8,291.5394117486495,183.35961830156637
9,441.4574548322104,566.7111333010482
10,337.3158647919728,665.8517065764448
11,99.56982937073037,652.0223911961125
12,326.55720183906965,545.6934335843221
13,109.42518311346335,555.0481723015962
14,678.1170323962987,162.8004949325698
15,213.6377182178405,349.24788382472985
16,207.97746730462183,259.686474458081
17,618.953223275654,209.03671617667436
18,526.5416700050912,282.70636349312883
19,297.25560586668496,217.53954611900193
20,404.29018129369115,299.57013238969023
21,504.2662918449264,380.22116302810446
22,549.4504724738672,625.9229116016128
23,308.3523348398775,677.8676656665465
24,625.7652307194272,759.7359355443914
25,610.9510032303546,656.6806903245113
26,723.6528324371271,638.0162551086472
27,407.02832240735376,681.2651498436915
28,793.058517812173,188.0717898568016
29,614.0009050984347,91.0468002982672
30,258.94055051668084,369.7270483934798
31,739.4577746097282,760.9664715049984
32,680.6855215221326,727.0005299137703
33,198.2896217922767,481.1643609691411
34,209.13941104084873,248.9012635629186
35,138.35827066163264,336.97919154663185
36,286.328775956383,91.40392292401889
37,137.24417844672755,555.1213156833702
38,273.3932313338331,826.0039498392622
39,419.13727120732995,570.7595962282487
40,344.87386466801826,624.8811888977426
41,487.9679320568746,816.7804411836397
42,320.4169463751465,705.8425440693619
43,217.0824262814666,737.5553782811538
44,616.1068352808601,832.9944440028962
45,778.4940632715364,558.883257620398
46,547.1713747418447,487.23797514476996
47,604.2487179964094,909.031299250843
48,484.3037289087358,866.9756122481289
Coverage 
(109,)
Tolerance 
(1,)
Redundancy 
(403,)
Evolution of the best individual 
[(55503.0,), (61316.0,), (65410.0,), (77372.0,), (81429.0,), (81429.0,), (81438.0,), (81438.0,), (85426.0,), (85426.0,), (85426.0,), (85426.0,), (88490.0,), (96408.0,), (104436.0,), (104436.0,), (104436.0,), (104436.0,), (105447.0,), (105447.0,), (105447.0,), (105447.0,), (105447.0,), (105447.0,), (105447.0,), (105447.0,), (105447.0,), (105447.0,), (108460.0,), (108460.0,), (108466.0,), (108466.0,), (109466.0,), (109472.0,), (109472.0,), (109472.0,), (109483.0,), (109483.0,), (109483.0,), (109483.0,), (109483.0,), (109483.0,), (109483.0,), (109483.0,), (109483.0,), (109483.0,), (109483.0,), (109483.0,), (109490.0,), (109490.0,), (109491.0,), (109492.0,), (109494.0,), (109495.0,), (109496.0,), (109496.0,), (109496.0,), (109497.0,), (109497.0,), (109497.0,), (109497.0,), (109497.0,), (109497.0,), (109497.0,), (109497.0,), (109497.0,), (109497.0,), (109497.0,), (109497.0,), (109497.0,), (109498.0,), (109498.0,), (109500.0,), (109500.0,), (109500.0,), (109500.0,), (109500.0,), (109500.0,), (109500.0,), (109500.0,), (109500.0,), (109500.0,), (109500.0,), (109500.0,), (109500.0,), (109500.0,), (109500.0,), (109500.0,), (109501.0,), (109501.0,), (109501.0,), (109501.0,), (109502.0,), (109502.0,), (109502.0,), (109502.0,), (109502.0,), (109502.0,), (109502.0,), (109502.0,), (109502.0,), (109502.0,), (109502.0,), (109502.0,), (109502.0,), (109502.0,), (109502.0,), (109502.0,), (109502.0,), (109502.0,), (109502.0,), (109502.0,), (109503.0,), (109503.0,), (109503.0,), (109503.0,), (109503.0,), (109503.0,), (109503.0,), (109503.0,)]
The best solution of population 3
Id, X, Y
0,462.38211628327576,789.721143400618
1,317.3682934927825,251.2224996317124
2,250.61942888216288,339.5260304979477
3,277.9275829198842,559.0903200056857
4,167.352693900869,437.89370642941594
5,252.89506698844366,292.96058404626706
6,208.1183008420248,185.83557768476518
7,228.92007733136546,132.82253905452598
8,291.5394117486495,183.35961830156637
9,441.4574548322104,566.7111333010482
10,337.3158647919728,665.8517065764448
11,99.56982937073037,652.0223911961125
12,326.55720183906965,545.6934335843221
13,109.42518311346335,555.0481723015962
14,678.1170323962987,162.8004949325698
15,213.6377182178405,349.24788382472985
16,207.97746730462183,259.686474458081
17,618.953223275654,209.03671617667436
18,526.5416700050912,282.70636349312883
19,297.25560586668496,217.53954611900193
20,404.29018129369115,299.57013238969023
21,504.2662918449264,380.22116302810446
22,549.4504724738672,625.9229116016128
23,308.3523348398775,677.8676656665465
24,625.7652307194272,759.7359355443914
25,610.9510032303546,656.6806903245113
26,723.6528324371271,638.0162551086472
27,407.02832240735376,681.2651498436915
28,793.058517812173,188.0717898568016
29,614.0009050984347,91.0468002982672
30,258.94055051668084,369.7270483934798
31,739.4577746097282,760.9664715049984
32,680.6855215221326,727.0005299137703
33,198.2896217922767,481.1643609691411
34,209.13941104084873,248.9012635629186
35,138.35827066163264,336.97919154663185
36,286.328775956383,91.40392292401889
37,137.24417844672755,555.1213156833702
38,273.3932313338331,826.0039498392622
39,419.13727120732995,570.7595962282487
40,344.87386466801826,624.8811888977426
41,487.9679320568746,816.7804411836397
42,320.4169463751465,705.8425440693619
43,217.0824262814666,737.5553782811538
44,616.1068352808601,832.9944440028962
45,778.4940632715364,558.883257620398
46,547.1713747418447,487.23797514476996
47,604.2487179964094,909.031299250843
48,484.3037289087358,866.9756122481289
Coverage 
(109,)
Tolerance 
(1,)
Redundancy 
(403,)
Evolution of the best individual 
[(48562.0,), (59409.0,), (68412.0,), (68459.0,), (73527.0,), (75521.0,), (75521.0,), (75521.0,), (87517.0,), (87519.0,), (88490.0,), (88490.0,), (88490.0,), (88491.0,), (88491.0,), (88496.0,), (88496.0,), (88498.0,), (88498.0,), (88498.0,), (88498.0,), (88498.0,), (88498.0,), (89500.0,), (108455.0,), (108455.0,), (108455.0,), (108455.0,), (109455.0,), (109466.0,), (109466.0,), (109466.0,), (109477.0,), (109477.0,), (109477.0,), (109477.0,), (109478.0,), (109478.0,), (109479.0,), (109479.0,), (109480.0,), (109481.0,), (109481.0,), (109481.0,), (109485.0,), (109485.0,), (109485.0,), (109486.0,), (109493.0,), (109493.0,), (109493.0,), (109493.0,), (109493.0,), (109493.0,), (109493.0,), (109493.0,), (109493.0,), (109493.0,), (109493.0,), (109493.0,), (109496.0,), (109496.0,), (109496.0,), (109496.0,), (109496.0,), (109496.0,), (109496.0,), (109496.0,), (109500.0,), (109500.0,), (109500.0,), (109500.0,), (109500.0,), (109500.0,), (109500.0,), (109500.0,), (109500.0,), (109500.0,), (109500.0,), (109500.0,), (109500.0,), (109500.0,), (109500.0,), (109500.0,), (109501.0,), (109501.0,), (109501.0,), (109501.0,), (109502.0,), (109502.0,), (109502.0,), (109502.0,), (109502.0,), (109502.0,), (109502.0,), (109502.0,), (109502.0,), (109502.0,), (109502.0,), (109502.0,), (109502.0,), (109502.0,), (109502.0,), (109502.0,), (109502.0,), (109502.0,), (109502.0,), (109502.0,), (109503.0,), (109503.0,), (109503.0,), (109503.0,), (109503.0,), (109503.0,), (109503.0,), (109503.0,), (109503.0,), (109503.0,), (109503.0,), (109503.0,)]
The best solution of population 4
Id, X, Y
0,462.38211628327576,789.721143400618
1,317.3682934927825,251.2224996317124
2,250.61942888216288,339.5260304979477
3,277.9275829198842,559.0903200056857
4,167.352693900869,437.89370642941594
5,252.89506698844366,292.96058404626706
6,208.1183008420248,185.83557768476518
7,228.92007733136546,132.82253905452598
8,291.5394117486495,183.35961830156637
9,441.4574548322104,566.7111333010482
10,337.3158647919728,665.8517065764448
11,99.56982937073037,652.0223911961125
12,326.55720183906965,545.6934335843221
13,109.42518311346335,555.0481723015962
14,678.1170323962987,162.8004949325698
15,213.6377182178405,349.24788382472985
16,207.97746730462183,259.686474458081
17,618.953223275654,209.03671617667436
18,526.5416700050912,282.70636349312883
19,297.25560586668496,217.53954611900193
20,404.29018129369115,299.57013238969023
21,504.2662918449264,380.22116302810446
22,549.4504724738672,625.9229116016128
23,308.3523348398775,677.8676656665465
24,625.7652307194272,759.7359355443914
25,610.9510032303546,656.6806903245113
26,723.6528324371271,638.0162551086472
27,407.02832240735376,681.2651498436915
28,793.058517812173,188.0717898568016
29,612.0009050984347,91.0468002982672
30,258.94055051668084,369.7270483934798
31,739.4577746097282,760.9664715049984
32,680.6855215221326,727.0005299137703
33,198.2896217922767,481.1643609691411
34,209.13941104084873,248.9012635629186
35,138.35827066163264,336.97919154663185
36,286.328775956383,91.40392292401889
37,137.24417844672755,555.1213156833702
38,273.3932313338331,826.0039498392622
39,419.13727120732995,570.7595962282487
40,344.87386466801826,624.8811888977426
41,487.9679320568746,816.7804411836397
42,320.4169463751465,705.8425440693619
43,217.0824262814666,737.5553782811538
44,616.1068352808601,832.9944440028962
45,778.4940632715364,558.883257620398
46,547.1713747418447,487.23797514476996
47,604.2487179964094,909.031299250843
48,484.3037289087358,866.9756122481289
Coverage 
(109,)
Tolerance 
(1,)
Redundancy 
(403,)
Evolution of the best individual 
[(58525.0,), (73526.0,), (73527.0,), (73527.0,), (73527.0,), (78432.0,), (78432.0,), (78514.0,), (88489.0,), (88489.0,), (88489.0,), (88489.0,), (88489.0,), (88489.0,), (88491.0,), (88491.0,), (88491.0,), (88491.0,), (88491.0,), (88492.0,), (105482.0,), (108449.0,), (108449.0,), (108449.0,), (108478.0,), (108478.0,), (109455.0,), (109455.0,), (109460.0,), (109473.0,), (109473.0,), (109477.0,), (109477.0,), (109477.0,), (109478.0,), (109478.0,), (109480.0,), (109480.0,), (109480.0,), (109480.0,), (109481.0,), (109484.0,), (109484.0,), (109485.0,), (109491.0,), (109492.0,), (109492.0,), (109492.0,), (109492.0,), (109492.0,), (109492.0,), (109492.0,), (109492.0,), (109492.0,), (109492.0,), (109492.0,), (109495.0,), (109495.0,), (109495.0,), (109495.0,), (109496.0,), (109496.0,), (109496.0,), (109496.0,), (109499.0,), (109499.0,), (109499.0,), (109500.0,), (109500.0,), (109500.0,), (109500.0,), (109500.0,), (109500.0,), (109500.0,), (109500.0,), (109500.0,), (109500.0,), (109500.0,), (109500.0,), (109500.0,), (109501.0,), (109501.0,), (109501.0,), (109501.0,), (109502.0,), (109502.0,), (109502.0,), (109502.0,), (109502.0,), (109502.0,), (109502.0,), (109502.0,), (109502.0,), (109502.0,), (109502.0,), (109502.0,), (109502.0,), (109502.0,), (109502.0,), (109502.0,), (109502.0,), (109502.0,), (109502.0,), (109502.0,), (109502.0,), (109503.0,), (109503.0,), (109503.0,), (109503.0,), (109503.0,), (109503.0,), (109503.0,), (109503.0,), (109503.0,), (109503.0,), (109503.0,), (109503.0,), (109503.0,), (109503.0,), (109503.0,)]
