125500.0,125505.0,125503.26086956522,1.699549289869608
-1.0,125505.0,114590.82608695653,35363.80529599765
125503.0,125505.0,125504.82608695653,0.48023249082007957
125503.0,125505.0,125504.91304347826,0.407864224599324

125505.0,125509.0,125506.04347826086,1.7564360930655682
125505.0,125509.0,125507.43478260869,1.952169688244139
125505.0,125509.0,125508.82608695653,0.8157237727549075
125509.0,125509.0,125509.0,0.0

125509.0,125509.0,125509.0,0.0
125509.0,125511.0,125509.08695652174,0.40785954814217873
125509.0,125511.0,125509.17391304347,0.5635434116000404
125509.0,125511.0,125509.78260869565,0.9760848441220695

125508.0,125511.0,125509.91304347826,1.2824247603626542
125509.0,125514.0,125511.17391304347,0.9624329382583138
125511.0,125514.0,125511.52173913043,1.1371046112705094
125511.0,125514.0,125512.56521739131,1.498580897115733

125511.0,125514.0,125513.60869565218,1.01034251986457
125514.0,125514.0,125514.0,0.0
125514.0,125514.0,125514.0,0.0
125514.0,125514.0,125514.0,0.0

125514.0,125515.0,125514.13043478261,0.3367824131376639
125513.0,125516.0,125514.43478260869,0.6478136117633971
125514.0,125516.0,125515.0,0.5107543243658329
125515.0,125516.0,125515.39130434782,0.48804291058098503

125514.0,125517.0,125515.73913043478,0.6055805718312735
125515.0,125517.0,125516.04347826086,0.35853278944665357
125516.0,125517.0,125516.34782608696,0.47627825155090864
125516.0,125517.0,125516.73913043478,0.4391079373453052

125516.0,125517.0,125516.95652173914,0.20393094318872687
125517.0,125517.0,125517.0,0.0
125517.0,125517.0,125517.0,0.0
125517.0,125517.0,125517.0,0.0

125517.0,125517.0,125517.0,0.0
125517.0,125517.0,125517.0,0.0
125517.0,125517.0,125517.0,0.0
125516.0,125517.0,125516.95652173914,0.20393094318872687

125516.0,125521.0,125518.21739130435,1.5591669773337324
125517.0,125521.0,125519.56521739131,1.0560817968304725
125520.0,125521.0,125520.52173913043,0.49952866272887214
125519.0,125521.0,125520.86956521739,0.4476364797117746

125518.0,125521.0,125520.73913043478,0.845313989211373
125521.0,125521.0,125521.0,0.0
125521.0,125521.0,125521.0,0.0
125521.0,125521.0,125521.0,0.0

125520.0,125521.0,125520.95652173914,0.20393094318872687
125521.0,125521.0,125521.0,0.0
125521.0,125521.0,125521.0,0.0
125521.0,125521.0,125521.0,0.0

125521.0,125521.0,125521.0,0.0
125521.0,125521.0,125521.0,0.0
125520.0,125522.0,125521.0,0.2948830686389469
125521.0,125522.0,125521.17391304347,0.37903710691430825

125521.0,125523.0,125522.0,0.7801897101902323
125521.0,125524.0,125522.60869565218,0.7064375096766344
125523.0,125524.0,125523.26086956522,0.4391101091847935
125523.0,125524.0,125523.65217391304,0.4762822562280231

125523.0,125524.0,125523.86956521739,0.3367795814033198
125524.0,125524.0,125524.0,0.0
125524.0,125526.0,125524.17391304347,0.5635451038794014
125524.0,125526.0,125524.69565217392,0.9525595066175451

125524.0,125526.0,125525.47826086957,0.8782169606123685
125524.0,125526.0,125525.91304347826,0.407864224599324
125526.0,125526.0,125526.0,0.0
125526.0,125526.0,125526.0,0.0

125526.0,125526.0,125526.0,0.0
125526.0,125526.0,125526.0,0.0
125526.0,125526.0,125526.0,0.0
125522.0,125526.0,125525.82608695653,0.8157226036397834

125526.0,125526.0,125526.0,0.0
125526.0,125526.0,125526.0,0.0
125526.0,125526.0,125526.0,0.0
125526.0,125526.0,125526.0,0.0

125526.0,125527.0,125526.34782608696,0.47627825155090864
125526.0,125527.0,125526.86956521739,0.3367824131376639
125527.0,125527.0,125527.0,0.0
125527.0,125527.0,125527.0,0.0

125527.0,125527.0,125527.0,0.0
125527.0,125527.0,125527.0,0.0
125527.0,125527.0,125527.0,0.0
125527.0,125527.0,125527.0,0.0

125527.0,125527.0,125527.0,0.0
125527.0,125527.0,125527.0,0.0
125527.0,125527.0,125527.0,0.0
125527.0,125527.0,125527.0,0.0

125527.0,125527.0,125527.0,0.0
125525.0,125528.0,125526.73913043478,0.7352847693353927
125525.0,125528.0,125527.0,0.5897677543137809
125527.0,125528.0,125527.43478260869,0.4957302894694462

125527.0,125529.0,125527.91304347826,0.5833226157520824
125528.0,125529.0,125528.39130434782,0.48804291058098503
125528.0,125530.0,125528.73913043478,0.5289363970821096
125528.0,125530.0,125529.21739130435,0.5865540376112723

125529.0,125530.0,125529.69565217392,0.46012781440684536
125529.0,125530.0,125529.95652173914,0.20392626667796118
125530.0,125530.0,125530.0,0.0
125530.0,125530.0,125530.0,0.0

125530.0,125530.0,125530.0,0.0
125529.0,125531.0,125530.0,0.2948830686389469
125530.0,125531.0,125530.13043478261,0.3367795814033198
125530.0,125531.0,125530.47826086957,0.49952675357688553

125530.0,125531.0,125530.86956521739,0.3367824131376639
125531.0,125531.0,125531.0,0.0
125531.0,125531.0,125531.0,0.0
125531.0,125531.0,125531.0,0.0

125530.0,125532.0,125531.0,0.41702992181434245
125531.0,125532.0,125531.26086956522,0.4391101091847935
125530.0,125532.0,125531.52173913043,0.5800715487842723
125531.0,125532.0,125531.86956521739,0.3367824131376639

125529.0,125532.0,125531.86956521739,0.6117943883832432
125532.0,125532.0,125532.0,0.0
125532.0,125532.0,125532.0,0.0
125532.0,125532.0,125532.0,0.0

-1.0,125532.0,120074.0,25600.076017210497
125532.0,125532.0,125532.0,0.0
125532.0,125532.0,125532.0,0.0
125532.0,125532.0,125532.0,0.0

125532.0,125532.0,125532.0,0.0
125532.0,125532.0,125532.0,0.0
-1.0,125532.0,114616.08695652174,35371.60096057536
125532.0,125532.0,125532.0,0.0
