125499.0,125505.0,125502.82608695653,1.9031356635836307
-1.0,125505.0,114590.78260869565,35363.791889146014
125504.0,125506.0,125505.08695652174,0.40785954814217873
125505.0,125506.0,125505.43478260869,0.4957302894694462

-1.0,125510.0,120049.39130434782,25594.829445127074
125505.0,125510.0,125507.08695652174,1.471852374054797
125506.0,125510.0,125508.34782608696,1.6045774784276836
125507.0,125511.0,125509.26086956522,1.3583047095405216

125509.0,125511.0,125510.04347826086,0.464221698413937
125510.0,125511.0,125510.43478260869,0.4957302894694462
125510.0,125511.0,125510.78260869565,0.4124725332652372
125511.0,125512.0,125511.08695652174,0.28176832121588885

125509.0,125517.0,125511.60869565218,1.5248416005402925
-1.0,125517.0,114598.43478260869,35366.15341258176
-1.0,125517.0,114599.73913043478,35366.55593761524
125514.0,125517.0,125514.91304347826,1.3803924245842591

125514.0,125517.0,125516.08695652174,1.3803910428397976
125517.0,125517.0,125517.0,0.0
125513.0,125517.0,125516.82608695653,0.8157237727549075
125517.0,125517.0,125517.0,0.0

125517.0,125518.0,125517.21739130435,0.41246790905593683
125517.0,125518.0,125517.60869565218,0.48804291058098503
125518.0,125518.0,125518.0,0.0
125518.0,125518.0,125518.0,0.0

125518.0,125520.0,125518.30434782608,0.6874528348523151
125518.0,125520.0,125518.91304347826,0.974146425305031
125518.0,125520.0,125519.56521739131,0.7704354023722662
125519.0,125520.0,125519.95652173914,0.20393094318872687

125520.0,125521.0,125520.34782608696,0.4762802538936749
125520.0,125521.0,125520.65217391304,0.4762802538936749
125520.0,125521.0,125520.95652173914,0.20393094318872687
125521.0,125521.0,125521.0,0.0

125521.0,125521.0,125521.0,0.0
125521.0,125521.0,125521.0,0.0
125521.0,125521.0,125521.0,0.0
125521.0,125521.0,125521.0,0.0

125520.0,125521.0,125520.91304347826,0.2817717058000202
125521.0,125521.0,125521.0,0.0
125520.0,125522.0,125521.0,0.2948830686389469
125521.0,125522.0,125521.21739130435,0.4124702211670673

125521.0,125523.0,125522.0,0.6593800332116845
125521.0,125523.0,125522.17391304347,0.5635451038794014
125521.0,125524.0,125522.60869565218,0.6419485422588037
125522.0,125524.0,125523.13043478261,0.536035859004481

125523.0,125524.0,125523.56521739131,0.495726441901373
125523.0,125524.0,125523.91304347826,0.2817717058000202
125524.0,125524.0,125524.0,0.0
125524.0,125524.0,125524.0,0.0

125524.0,125524.0,125524.0,0.0
125524.0,125524.0,125524.0,0.0
125524.0,125524.0,125524.0,0.0
125524.0,125524.0,125524.0,0.0

125521.0,125524.0,125523.86956521739,0.6117928295661806
125524.0,125524.0,125524.0,0.0
125524.0,125524.0,125524.0,0.0
125524.0,125524.0,125524.0,0.0

125521.0,125525.0,125524.08695652174,0.7753278961559537
125524.0,125525.0,125524.43478260869,0.4957302894694462
125524.0,125525.0,125524.91304347826,0.28177509034349707
125525.0,125525.0,125525.0,0.0

125525.0,125525.0,125525.0,0.0
125525.0,125525.0,125525.0,0.0
125525.0,125525.0,125525.0,0.0
125525.0,125525.0,125525.0,0.0

125525.0,125525.0,125525.0,0.0
125525.0,125525.0,125525.0,0.0
125525.0,125525.0,125525.0,0.0
125525.0,125525.0,125525.0,0.0

125522.0,125525.0,125524.73913043478,0.8453128610211799
125525.0,125525.0,125525.0,0.0
125523.0,125525.0,125524.86956521739,0.4476364797117746
125525.0,125525.0,125525.0,0.0

125525.0,125525.0,125525.0,0.0
125525.0,125525.0,125525.0,0.0
125525.0,125525.0,125525.0,0.0
125525.0,125525.0,125525.0,0.0

125525.0,125526.0,125525.21739130435,0.4124702211670673
125525.0,125526.0,125525.65217391304,0.4762822562280231
125525.0,125526.0,125525.91304347826,0.2817717058000202
125526.0,125526.0,125526.0,0.0

125526.0,125526.0,125526.0,0.0
125526.0,125526.0,125526.0,0.0
125526.0,125526.0,125526.0,0.0
125526.0,125526.0,125526.0,0.0

125526.0,125526.0,125526.0,0.0
125526.0,125526.0,125526.0,0.0
125526.0,125526.0,125526.0,0.0
125524.0,125527.0,125525.82608695653,0.7605572574888397

125526.0,125527.0,125526.26086956522,0.4391079373453052
125526.0,125527.0,125526.78260869565,0.4124725332652372
125526.0,125527.0,125526.91304347826,0.28177509034349707
125527.0,125527.0,125527.0,0.0

125525.0,125528.0,125526.91304347826,0.5032983706291226
125526.0,125528.0,125527.04347826086,0.35853278944665357
125527.0,125528.0,125527.26086956522,0.4391101091847935
125527.0,125528.0,125527.65217391304,0.4762822562280231

125527.0,125528.0,125527.86956521739,0.3367795814033198
125528.0,125528.0,125528.0,0.0
125528.0,125528.0,125528.0,0.0
125527.0,125528.0,125527.95652173914,0.20393094318872687

125528.0,125529.0,125528.04347826086,0.20393561959225406
125528.0,125529.0,125528.17391304347,0.37903710691430825
125528.0,125529.0,125528.56521739131,0.495726441901373
125528.0,125529.0,125528.95652173914,0.20392626667796118

125529.0,125529.0,125529.0,0.0
125529.0,125529.0,125529.0,0.0
125529.0,125529.0,125529.0,0.0
125529.0,125529.0,125529.0,0.0

125529.0,125529.0,125529.0,0.0
125529.0,125529.0,125529.0,0.0
125529.0,125529.0,125529.0,0.0
125529.0,125529.0,125529.0,0.0

125529.0,125529.0,125529.0,0.0
125529.0,125530.0,125529.04347826086,0.20393561959225406
125529.0,125530.0,125529.21739130435,0.4124702211670673
125529.0,125530.0,125529.47826086957,0.49952675357688553

125529.0,125530.0,125529.78260869565,0.4124725332652372
125530.0,125530.0,125530.0,0.0
125530.0,125530.0,125530.0,0.0
125530.0,125530.0,125530.0,0.0
