125496.0,125505.0,125502.34782608696,2.388535727288212
125503.0,125506.0,125505.0,0.8846513619650187
125505.0,125506.0,125505.65217391304,0.4762802538936749
125505.0,125506.0,125505.91304347826,0.28177509034349707

125505.0,125510.0,125506.78260869565,1.5591675889899201
125506.0,125510.0,125508.56521739131,1.408856498260355
125506.0,125510.0,125509.43478260869,0.9243616736884863
125509.0,125510.0,125509.95652173914,0.20392626667796118

125510.0,125510.0,125510.0,0.0
125509.0,125510.0,125509.95652173914,0.20392626667796118
125510.0,125510.0,125510.0,0.0
125509.0,125510.0,125509.95652173914,0.20392626667796118

125510.0,125510.0,125510.0,0.0
125510.0,125513.0,125510.13043478261,0.6117928295661806
125510.0,125513.0,125510.65217391304,1.2374129756036918
125510.0,125513.0,125511.43478260869,1.377651086403644

125510.0,125513.0,125512.43478260869,0.9243616736884863
125513.0,125513.0,125513.0,0.0
125513.0,125513.0,125513.0,0.0
125513.0,125513.0,125513.0,0.0

125513.0,125513.0,125513.0,0.0
125513.0,125513.0,125513.0,0.0
125513.0,125513.0,125513.0,0.0
125512.0,125513.0,125512.95652173914,0.20393094318872687

125513.0,125514.0,125513.26086956522,0.4391101091847935
125513.0,125514.0,125513.73913043478,0.4391079373453052
125513.0,125514.0,125513.95652173914,0.20392626667796118
125514.0,125514.0,125514.0,0.0

125514.0,125515.0,125514.34782608696,0.47627825155090864
125514.0,125515.0,125514.60869565218,0.48804291058098503
125515.0,125515.0,125515.0,0.0
125515.0,125515.0,125515.0,0.0

125515.0,125517.0,125515.52173913043,0.8782180465327841
125515.0,125517.0,125516.08695652174,0.9284403152962407
125515.0,125517.0,125516.69565217392,0.6209924003394058
125517.0,125517.0,125517.0,0.0

125517.0,125519.0,125517.78260869565,0.9760848441220695
125517.0,125519.0,125518.56521739131,0.8249415983856495
125519.0,125519.0,125519.0,0.0
125519.0,125519.0,125519.0,0.0

125519.0,125519.0,125519.0,0.0
125519.0,125519.0,125519.0,0.0
125518.0,125519.0,125518.95652173914,0.20392626667796118
125519.0,125519.0,125519.0,0.0

125518.0,125519.0,125518.91304347826,0.2817717058000202
125519.0,125519.0,125519.0,0.0
125518.0,125519.0,125518.91304347826,0.2817717058000202
125519.0,125519.0,125519.0,0.0

125518.0,125519.0,125518.91304347826,0.2817717058000202
125518.0,125519.0,125518.95652173914,0.20392626667796118
125519.0,125519.0,125519.0,0.0
125519.0,125519.0,125519.0,0.0

125517.0,125519.0,125518.82608695653,0.5635417193155975
125519.0,125519.0,125519.0,0.0
125519.0,125519.0,125519.0,0.0
125519.0,125519.0,125519.0,0.0

125519.0,125519.0,125519.0,0.0
125519.0,125520.0,125519.04347826086,0.20393094318872687
125518.0,125521.0,125519.17391304347,0.5635434116000404
125519.0,125521.0,125519.60869565218,0.7655128864023433

125518.0,125521.0,125519.91304347826,0.82951267505456
125520.0,125521.0,125520.56521739131,0.495726441901373
125520.0,125521.0,125520.86956521739,0.3367824131376639
125520.0,125521.0,125520.95652173914,0.20393094318872687

125521.0,125521.0,125521.0,0.0
125521.0,125521.0,125521.0,0.0
125521.0,125521.0,125521.0,0.0
125521.0,125521.0,125521.0,0.0

125521.0,125521.0,125521.0,0.0
125521.0,125521.0,125521.0,0.0
125521.0,125521.0,125521.0,0.0
125521.0,125521.0,125521.0,0.0

125521.0,125523.0,125521.43478260869,0.8249439104838194
125521.0,125523.0,125521.82608695653,0.9624309564572753
125521.0,125523.0,125522.34782608696,0.914078149906091
125522.0,125523.0,125522.95652173914,0.20392626667796118

125523.0,125524.0,125523.30434782608,0.460131959646454
125523.0,125524.0,125523.65217391304,0.4762822562280231
125524.0,125524.0,125524.0,0.0
125524.0,125525.0,125524.04347826086,0.20393561959225406

125524.0,125525.0,125524.26086956522,0.4391079373453052
125524.0,125525.0,125524.52173913043,0.49952675357688553
125524.0,125525.0,125524.78260869565,0.4124702211670673
125522.0,125525.0,125524.86956521739,0.6117928295661806

125525.0,125525.0,125525.0,0.0
125525.0,125525.0,125525.0,0.0
125525.0,125525.0,125525.0,0.0
125525.0,125525.0,125525.0,0.0

125525.0,125526.0,125525.04347826086,0.20393561959225406
125520.0,125526.0,125524.82608695653,1.0895610702506142
125525.0,125526.0,125525.34782608696,0.47627825155090864
125525.0,125526.0,125525.65217391304,0.4762822562280231

125525.0,125527.0,125525.95652173914,0.35852746953494763
125526.0,125527.0,125526.04347826086,0.20393561959225406
125524.0,125527.0,125526.04347826086,0.5499633776869829
125526.0,125527.0,125526.43478260869,0.4957302894694462

125526.0,125527.0,125526.91304347826,0.28177509034349707
125527.0,125527.0,125527.0,0.0
125527.0,125527.0,125527.0,0.0
125527.0,125527.0,125527.0,0.0

125527.0,125527.0,125527.0,0.0
125524.0,125527.0,125526.86956521739,0.6117943883832432
125527.0,125527.0,125527.0,0.0
125527.0,125527.0,125527.0,0.0

125527.0,125527.0,125527.0,0.0
125527.0,125527.0,125527.0,0.0
125527.0,125527.0,125527.0,0.0
125527.0,125527.0,125527.0,0.0

125527.0,125528.0,125527.30434782608,0.460131959646454
125527.0,125528.0,125527.73913043478,0.4391079373453052
125528.0,125528.0,125528.0,0.0
125528.0,125528.0,125528.0,0.0

125528.0,125528.0,125528.0,0.0
125528.0,125528.0,125528.0,0.0
125528.0,125528.0,125528.0,0.0
125528.0,125528.0,125528.0,0.0

125528.0,125529.0,125528.08695652174,0.28176832121588885
125528.0,125529.0,125528.21739130435,0.4124702211670673
125528.0,125529.0,125528.52173913043,0.49952866272887214
125528.0,125529.0,125528.91304347826,0.28177509034349707
