125499.0,125505.0,125502.73913043478,2.0476366329599713
125500.0,125505.0,125504.30434782608,1.039849693000485
125504.0,125505.0,125504.91304347826,0.2817717058000202
125505.0,125505.0,125505.0,0.0

125505.0,125506.0,125505.04347826086,0.20393561959225406
125505.0,125506.0,125505.13043478261,0.3367824131376639
125505.0,125506.0,125505.73913043478,0.4391101091847935
125505.0,125506.0,125505.86956521739,0.3367795814033198

125505.0,125509.0,125507.04347826086,1.458953652830822
125506.0,125509.0,125508.60869565218,1.010343463776018
125509.0,125509.0,125509.0,0.0
125509.0,125509.0,125509.0,0.0

125509.0,125511.0,125509.60869565218,0.920260810371954
125509.0,125511.0,125510.73913043478,0.6735619945469362
125511.0,125511.0,125511.0,0.0
125511.0,125511.0,125511.0,0.0

125511.0,125513.0,125511.86956521739,0.9914567313782848
125511.0,125513.0,125512.65217391304,0.7580704397521226
125513.0,125513.0,125513.0,0.0
125513.0,125513.0,125513.0,0.0

125513.0,125515.0,125513.52173913043,0.8782180465327841
125513.0,125515.0,125514.21739130435,0.9760838670811909
125513.0,125515.0,125514.73913043478,0.6055821466391863
125515.0,125515.0,125515.0,0.0

125515.0,125515.0,125515.0,0.0
125515.0,125515.0,125515.0,0.0
125515.0,125515.0,125515.0,0.0
125515.0,125515.0,125515.0,0.0

125515.0,125515.0,125515.0,0.0
125514.0,125515.0,125514.91304347826,0.2817717058000202
-1.0,125515.0,109143.34782608696,42271.42414631043
125515.0,125515.0,125515.0,0.0

125515.0,125515.0,125515.0,0.0
125515.0,125515.0,125515.0,0.0
125515.0,125515.0,125515.0,0.0
125515.0,125515.0,125515.0,0.0

125515.0,125516.0,125515.08695652174,0.28176832121588885
125515.0,125516.0,125515.26086956522,0.4391101091847935
125515.0,125516.0,125515.65217391304,0.4762822562280231
125515.0,125516.0,125515.91304347826,0.28177509034349707

125514.0,125516.0,125515.82608695653,0.5635417193155975
125516.0,125516.0,125516.0,0.0
125516.0,125516.0,125516.0,0.0
125516.0,125516.0,125516.0,0.0

125516.0,125516.0,125516.0,0.0
125516.0,125516.0,125516.0,0.0
125516.0,125516.0,125516.0,0.0
125516.0,125516.0,125516.0,0.0

125516.0,125517.0,125516.13043478261,0.3367795814033198
125516.0,125517.0,125516.34782608696,0.47627825155090864
125516.0,125517.0,125516.78260869565,0.4124725332652372
125517.0,125517.0,125517.0,0.0

-1.0,125517.0,120059.69565217392,25597.026319196368
125517.0,125517.0,125517.0,0.0
125517.0,125518.0,125517.08695652174,0.28176832121588885
125517.0,125518.0,125517.26086956522,0.4391079373453052

125517.0,125518.0,125517.56521739131,0.495726441901373
125517.0,125518.0,125517.95652173914,0.20392626667796118
125518.0,125518.0,125518.0,0.0
125517.0,125518.0,125517.95652173914,0.20392626667796118

125518.0,125518.0,125518.0,0.0
125518.0,125518.0,125518.0,0.0
125518.0,125518.0,125518.0,0.0
125518.0,125520.0,125518.17391304347,0.5635434116000404

125518.0,125520.0,125518.60869565218,0.920260810371954
125518.0,125520.0,125519.21739130435,0.9760838670811909
125518.0,125520.0,125519.82608695653,0.5635417193155975
125520.0,125520.0,125520.0,0.0

125520.0,125520.0,125520.0,0.0
125520.0,125520.0,125520.0,0.0
125520.0,125520.0,125520.0,0.0
125519.0,125520.0,125519.86956521739,0.3367795814033198

125519.0,125520.0,125519.91304347826,0.28177509034349707
125520.0,125522.0,125520.17391304347,0.5635434116000404
125520.0,125523.0,125520.60869565218,1.052497001879266
125520.0,125523.0,125520.91304347826,1.2824247603626542

125520.0,125523.0,125522.26086956522,1.2235872179504168
125520.0,125523.0,125522.82608695653,0.6360308904283671
125523.0,125523.0,125523.0,0.0
125523.0,125523.0,125523.0,0.0

125523.0,125523.0,125523.0,0.0
125522.0,125523.0,125522.95652173914,0.20392626667796118
125523.0,125523.0,125523.0,0.0
125523.0,125523.0,125523.0,0.0

125523.0,125523.0,125523.0,0.0
125522.0,125524.0,125523.0,0.2948830686389469
125523.0,125524.0,125523.17391304347,0.37903710691430825
-1.0,125524.0,114608.30434782608,35369.19919860855

125523.0,125525.0,125524.17391304347,0.5635451038794014
125523.0,125526.0,125524.60869565218,0.6419485422588037
125523.0,125526.0,125525.04347826086,0.8064029518951399
125525.0,125526.0,125525.52173913043,0.49952675357688553

125526.0,125526.0,125526.0,0.0
125525.0,125527.0,125525.95652173914,0.35852746953494763
125526.0,125527.0,125526.13043478261,0.3367824131376639
125526.0,125527.0,125526.47826086957,0.4995248444176022

125526.0,125527.0,125526.73913043478,0.4391101091847935
125527.0,125527.0,125527.0,0.0
125527.0,125527.0,125527.0,0.0
125527.0,125527.0,125527.0,0.0

125527.0,125527.0,125527.0,0.0
125527.0,125527.0,125527.0,0.0
125527.0,125527.0,125527.0,0.0
125527.0,125527.0,125527.0,0.0

125527.0,125529.0,125527.43478260869,0.8249427544355445
125527.0,125529.0,125527.95652173914,0.95454276278558
125527.0,125529.0,125528.65217391304,0.6330535806213404
125529.0,125529.0,125529.0,0.0

125529.0,125529.0,125529.0,0.0
125529.0,125529.0,125529.0,0.0
125529.0,125529.0,125529.0,0.0
125529.0,125529.0,125529.0,0.0

125529.0,125529.0,125529.0,0.0
125529.0,125529.0,125529.0,0.0
125529.0,125529.0,125529.0,0.0
125529.0,125529.0,125529.0,0.0

125529.0,125529.0,125529.0,0.0
-1.0,125529.0,120071.17391304347,25599.47349263635
125529.0,125529.0,125529.0,0.0
125529.0,125529.0,125529.0,0.0
