-1.0,125508.0,103676.26086956522,47570.38981863785
125501.0,125508.0,125504.65217391304,1.6578850502872087
125505.0,125508.0,125505.82608695653,1.1666435966027244
125500.0,125513.0,125506.82608695653,2.513479514420036

125506.0,125513.0,125509.52173913043,2.300653165869211
125507.0,125513.0,125511.52173913043,1.9971627137089498
125509.0,125513.0,125512.65217391304,1.1270859770588122
125513.0,125513.0,125513.0,0.0

125513.0,125513.0,125513.0,0.0
125513.0,125513.0,125513.0,0.0
125513.0,125513.0,125513.0,0.0
125513.0,125513.0,125513.0,0.0

125511.0,125516.0,125513.26086956522,0.845313989211373
125511.0,125516.0,125514.08695652174,1.4420101895759336
125514.0,125516.0,125515.30434782608,0.8564235984633322
125514.0,125516.0,125515.82608695653,0.48023249082007957

125516.0,125516.0,125516.0,0.0
125516.0,125516.0,125516.0,0.0
125516.0,125516.0,125516.0,0.0
125516.0,125516.0,125516.0,0.0

125514.0,125517.0,125516.30434782608,0.8040543815478702
125516.0,125517.0,125516.82608695653,0.37903207479143913
125517.0,125517.0,125517.0,0.0
125517.0,125517.0,125517.0,0.0

125517.0,125517.0,125517.0,0.0
125517.0,125517.0,125517.0,0.0
125517.0,125517.0,125517.0,0.0
125517.0,125517.0,125517.0,0.0

125517.0,125517.0,125517.0,0.0
125517.0,125517.0,125517.0,0.0
125517.0,125517.0,125517.0,0.0
125516.0,125518.0,125517.0,0.2948830686389469

125517.0,125518.0,125517.08695652174,0.28176832121588885
125517.0,125518.0,125517.30434782608,0.460131959646454
125517.0,125518.0,125517.73913043478,0.4391079373453052
125517.0,125518.0,125517.95652173914,0.20392626667796118

125518.0,125518.0,125518.0,0.0
125516.0,125519.0,125517.95652173914,0.46421964405837834
125518.0,125519.0,125518.08695652174,0.28176832121588885
125518.0,125519.0,125518.13043478261,0.3367824131376639

125518.0,125519.0,125518.30434782608,0.46013403225225447
125518.0,125519.0,125518.56521739131,0.495726441901373
125519.0,125519.0,125519.0,0.0
125519.0,125519.0,125519.0,0.0

125519.0,125519.0,125519.0,0.0
125519.0,125519.0,125519.0,0.0
125516.0,125519.0,125518.86956521739,0.6117928295661806
125519.0,125520.0,125519.08695652174,0.28176832121588885

125519.0,125520.0,125519.39130434782,0.48804291058098503
125519.0,125520.0,125519.69565217392,0.46012781440684536
125520.0,125520.0,125520.0,0.0
125520.0,125520.0,125520.0,0.0

125520.0,125521.0,125520.04347826086,0.20393094318872687
125520.0,125521.0,125520.08695652174,0.28176832121588885
125520.0,125521.0,125520.34782608696,0.4762802538936749
125520.0,125521.0,125520.65217391304,0.4762802538936749

125520.0,125521.0,125520.91304347826,0.2817717058000202
125521.0,125521.0,125521.0,0.0
125521.0,125521.0,125521.0,0.0
125520.0,125522.0,125521.0,0.41702992181434245

125521.0,125522.0,125521.56521739131,0.4957283656891424
125521.0,125522.0,125521.82608695653,0.37903207479143913
125521.0,125522.0,125521.95652173914,0.20392626667796118
125522.0,125522.0,125522.0,0.0

125521.0,125522.0,125521.95652173914,0.20392626667796118
125522.0,125522.0,125522.0,0.0
125522.0,125522.0,125522.0,0.0
125522.0,125522.0,125522.0,0.0

125522.0,125522.0,125522.0,0.0
125522.0,125523.0,125522.08695652174,0.28176832121588885
125522.0,125523.0,125522.13043478261,0.3367824131376639
125522.0,125523.0,125522.43478260869,0.4957302894694462

125522.0,125523.0,125522.86956521739,0.3367795814033198
125523.0,125523.0,125523.0,0.0
125523.0,125524.0,125523.08695652174,0.2817717058000202
125523.0,125524.0,125523.26086956522,0.4391101091847935

125521.0,125524.0,125523.60869565218,0.7064375096766344
125524.0,125524.0,125524.0,0.0
125524.0,125524.0,125524.0,0.0
125524.0,125524.0,125524.0,0.0

125524.0,125524.0,125524.0,0.0
125524.0,125524.0,125524.0,0.0
125524.0,125524.0,125524.0,0.0
125524.0,125524.0,125524.0,0.0

125524.0,125526.0,125524.60869565218,0.8717361613105903
125523.0,125526.0,125525.08695652174,0.974145446319972
125525.0,125526.0,125525.91304347826,0.2817717058000202
125526.0,125526.0,125526.0,0.0

125526.0,125527.0,125526.34782608696,0.47627825155090864
125525.0,125527.0,125526.73913043478,0.5289363970821096
125527.0,125527.0,125527.0,0.0
125527.0,125527.0,125527.0,0.0

125527.0,125527.0,125527.0,0.0
125527.0,125527.0,125527.0,0.0
125526.0,125527.0,125526.91304347826,0.28177509034349707
125527.0,125527.0,125527.0,0.0

125527.0,125527.0,125527.0,0.0
125524.0,125527.0,125526.86956521739,0.6117943883832432
125525.0,125527.0,125526.82608695653,0.5635400270260729
125525.0,125527.0,125526.82608695653,0.5635400270260729

125527.0,125527.0,125527.0,0.0
125527.0,125527.0,125527.0,0.0
125527.0,125527.0,125527.0,0.0
125527.0,125527.0,125527.0,0.0

125527.0,125527.0,125527.0,0.0
125527.0,125527.0,125527.0,0.0
125527.0,125527.0,125527.0,0.0
125525.0,125527.0,125526.91304347826,0.407864224599324

125527.0,125527.0,125527.0,0.0
125527.0,125528.0,125527.04347826086,0.20393094318872687
125527.0,125528.0,125527.17391304347,0.37903710691430825
125527.0,125528.0,125527.60869565218,0.4880409564982498

125527.0,125529.0,125528.0,0.2948830686389469
125527.0,125528.0,125527.82608695653,0.3790345908612246
125528.0,125528.0,125528.0,0.0
125527.0,125528.0,125527.95652173914,0.20393094318872687

125527.0,125529.0,125528.0,0.2948830686389469
125528.0,125529.0,125528.17391304347,0.37903710691430825
125528.0,125529.0,125528.69565217392,0.46012781440684536
125528.0,125529.0,125528.95652173914,0.20392626667796118
