125499.0,125505.0,125503.17391304347,1.925847112368925
125503.0,125505.0,125504.69565217392,0.5465121564150014
125505.0,125505.0,125505.0,0.0
125505.0,125505.0,125505.0,0.0

125504.0,125505.0,125504.95652173914,0.20393094318872687
125505.0,125505.0,125505.0,0.0
125505.0,125505.0,125505.0,0.0
-1.0,125505.0,114591.43478260869,35363.99313453816

125505.0,125507.0,125505.52173913043,0.8272308704865513
125505.0,125509.0,125506.30434782608,1.080853092794356
125505.0,125509.0,125507.08695652174,0.9284413424745882
125507.0,125509.0,125507.86956521739,0.9914567313782848

125507.0,125509.0,125508.56521739131,0.8249415983856495
125507.0,125510.0,125508.95652173914,0.46421964405837834
125509.0,125510.0,125509.17391304347,0.3790345908612246
125509.0,125510.0,125509.43478260869,0.4957302894694462

125509.0,125510.0,125509.73913043478,0.4391079373453052
125509.0,125511.0,125510.0,0.2948830686389469
125510.0,125511.0,125510.08695652174,0.2817717058000202
125509.0,125511.0,125510.26086956522,0.5289345940752697

125510.0,125511.0,125510.86956521739,0.3367795814033198
125511.0,125511.0,125511.0,0.0
125511.0,125511.0,125511.0,0.0
125511.0,125511.0,125511.0,0.0

125511.0,125511.0,125511.0,0.0
125511.0,125511.0,125511.0,0.0
125511.0,125511.0,125511.0,0.0
125511.0,125513.0,125511.08695652174,0.40786188637745374

125511.0,125513.0,125511.52173913043,0.7728873714300264
125511.0,125513.0,125512.21739130435,0.8825121343280942
125512.0,125513.0,125512.78260869565,0.4124725332652372
125513.0,125513.0,125513.0,0.0

125513.0,125513.0,125513.0,0.0
125513.0,125513.0,125513.0,0.0
125513.0,125513.0,125513.0,0.0
125513.0,125513.0,125513.0,0.0

125513.0,125513.0,125513.0,0.0
125513.0,125513.0,125513.0,0.0
125513.0,125513.0,125513.0,0.0
125513.0,125513.0,125513.0,0.0

125513.0,125514.0,125513.08695652174,0.28176832121588885
125513.0,125514.0,125513.26086956522,0.4391101091847935
125513.0,125514.0,125513.78260869565,0.4124725332652372
125514.0,125514.0,125514.0,0.0

125514.0,125514.0,125514.0,0.0
125513.0,125515.0,125514.0,0.2948830686389469
125514.0,125515.0,125514.13043478261,0.3367824131376639
125514.0,125515.0,125514.43478260869,0.4957302894694462

125514.0,125515.0,125514.86956521739,0.3367795814033198
125515.0,125516.0,125515.04347826086,0.20393561959225406
125515.0,125516.0,125515.26086956522,0.4391101091847935
125515.0,125516.0,125515.78260869565,0.4124725332652372

125516.0,125516.0,125516.0,0.0
125516.0,125516.0,125516.0,0.0
125516.0,125516.0,125516.0,0.0
125516.0,125516.0,125516.0,0.0

125516.0,125516.0,125516.0,0.0
125516.0,125516.0,125516.0,0.0
125516.0,125516.0,125516.0,0.0
125516.0,125516.0,125516.0,0.0

125516.0,125516.0,125516.0,0.0
125516.0,125516.0,125516.0,0.0
125516.0,125516.0,125516.0,0.0
125515.0,125516.0,125515.95652173914,0.20393094318872687

125515.0,125516.0,125515.91304347826,0.28177509034349707
125516.0,125516.0,125516.0,0.0
125516.0,125516.0,125516.0,0.0
125516.0,125516.0,125516.0,0.0

125516.0,125516.0,125516.0,0.0
125516.0,125516.0,125516.0,0.0
125516.0,125516.0,125516.0,0.0
125516.0,125516.0,125516.0,0.0

125516.0,125519.0,125516.91304347826,1.3803924245842591
125516.0,125519.0,125518.34782608696,1.2374129756036918
125519.0,125519.0,125519.0,0.0
125519.0,125519.0,125519.0,0.0

125519.0,125519.0,125519.0,0.0
125519.0,125521.0,125519.08695652174,0.40786188637745374
125519.0,125521.0,125519.26086956522,0.6735619945469362
125519.0,125521.0,125519.65217391304,0.8134044601524499

125519.0,125521.0,125520.08695652174,0.8295115253735412
125520.0,125521.0,125520.95652173914,0.20393094318872687
125521.0,125521.0,125521.0,0.0
125521.0,125521.0,125521.0,0.0

125521.0,125521.0,125521.0,0.0
125521.0,125521.0,125521.0,0.0
125521.0,125521.0,125521.0,0.0
125520.0,125521.0,125520.95652173914,0.20393094318872687

125521.0,125521.0,125521.0,0.0
125521.0,125521.0,125521.0,0.0
125521.0,125521.0,125521.0,0.0
125521.0,125521.0,125521.0,0.0

125516.0,125521.0,125520.56521739131,1.408855821346456
125519.0,125521.0,125520.91304347826,0.40786188637745374
125519.0,125521.0,125520.91304347826,0.40786188637745374
125521.0,125521.0,125521.0,0.0

125521.0,125521.0,125521.0,0.0
125521.0,125521.0,125521.0,0.0
125521.0,125521.0,125521.0,0.0
125520.0,125521.0,125520.82608695653,0.37903207479143913

125521.0,125521.0,125521.0,0.0
125521.0,125521.0,125521.0,0.0
125521.0,125521.0,125521.0,0.0
125521.0,125521.0,125521.0,0.0

125521.0,125523.0,125521.52173913043,0.8782180465327841
125521.0,125523.0,125522.04347826086,0.9990554163075818
125521.0,125523.0,125522.82608695653,0.48023050495634384
125523.0,125524.0,125523.04347826086,0.20393094318872687

125523.0,125524.0,125523.13043478261,0.3367824131376639
125523.0,125524.0,125523.39130434782,0.48804291058098503
125523.0,125524.0,125523.78260869565,0.4124725332652372
125523.0,125524.0,125523.95652173914,0.20393094318872687

125524.0,125524.0,125524.0,0.0
125524.0,125524.0,125524.0,0.0
125524.0,125524.0,125524.0,0.0
125524.0,125524.0,125524.0,0.0

125524.0,125524.0,125524.0,0.0
125524.0,125524.0,125524.0,0.0
125524.0,125524.0,125524.0,0.0
125524.0,125524.0,125524.0,0.0
