125500.0,125505.0,125503.30434782608,1.7051021753386881
-1.0,125505.0,114590.95652173914,35363.84555185564
125504.0,125505.0,125504.95652173914,0.20393094318872687
125505.0,125505.0,125505.0,0.0

125505.0,125505.0,125505.0,0.0
125505.0,125505.0,125505.0,0.0
-1.0,125505.0,109134.65217391304,42268.05633470504
125505.0,125505.0,125505.0,0.0

125505.0,125508.0,125505.65217391304,1.2374129756036918
125505.0,125508.0,125506.82608695653,1.464126777662828
125505.0,125508.0,125507.73913043478,0.845313989211373
125508.0,125508.0,125508.0,0.0

125508.0,125509.0,125508.26086956522,0.4391101091847935
125508.0,125509.0,125508.43478260869,0.4957283656891424
125508.0,125509.0,125508.78260869565,0.4124725332652372
125509.0,125509.0,125509.0,0.0

125509.0,125509.0,125509.0,0.0
125509.0,125509.0,125509.0,0.0
125509.0,125513.0,125509.17391304347,0.815724941868356
125509.0,125513.0,125509.56521739131,1.3457201332379451

125509.0,125513.0,125510.69565217392,1.8042165959286633
125509.0,125513.0,125511.60869565218,1.5248416005402925
125511.0,125513.0,125512.39130434782,0.8717361613105903
125512.0,125514.0,125513.0,0.2948830686389469

125513.0,125514.0,125513.21739130435,0.4124702211670673
125513.0,125514.0,125513.56521739131,0.495726441901373
125513.0,125514.0,125513.91304347826,0.28177509034349707
125514.0,125514.0,125514.0,0.0

125513.0,125515.0,125514.0,0.2948830686389469
125514.0,125515.0,125514.08695652174,0.28176832121588885
125512.0,125515.0,125514.26086956522,0.6735619945469362
125514.0,125515.0,125514.73913043478,0.4391101091847935

125515.0,125515.0,125515.0,0.0
125514.0,125516.0,125514.95652173914,0.35852746953494763
125514.0,125516.0,125515.08695652174,0.5833209808494966
125515.0,125516.0,125515.56521739131,0.495726441901373

125514.0,125517.0,125516.13043478261,0.6791513016099694
125515.0,125518.0,125516.60869565218,0.6419485422588037
125516.0,125518.0,125517.13043478261,0.6791527058233284
125516.0,125518.0,125517.60869565218,0.5702121594093564

125518.0,125518.0,125518.0,0.0
125518.0,125518.0,125518.0,0.0
125517.0,125519.0,125518.0,0.41702992181434245
125518.0,125519.0,125518.13043478261,0.3367824131376639

125518.0,125519.0,125518.39130434782,0.48804291058098503
125518.0,125519.0,125518.69565217392,0.46012781440684536
125518.0,125519.0,125518.95652173914,0.20392626667796118
125519.0,125519.0,125519.0,0.0

125518.0,125520.0,125519.21739130435,0.5070381716592265
125518.0,125520.0,125519.43478260869,0.5768054646649794
125519.0,125520.0,125519.73913043478,0.4391101091847935
125520.0,125520.0,125520.0,0.0

125520.0,125520.0,125520.0,0.0
125520.0,125520.0,125520.0,0.0
125520.0,125520.0,125520.0,0.0
125520.0,125520.0,125520.0,0.0

125520.0,125520.0,125520.0,0.0
125520.0,125520.0,125520.0,0.0
125519.0,125520.0,125519.95652173914,0.20393094318872687
125520.0,125521.0,125520.13043478261,0.3367795814033198

125519.0,125522.0,125520.34782608696,0.7580691817224492
125520.0,125522.0,125520.95652173914,0.7505503860221563
125520.0,125522.0,125521.56521739131,0.647810667470575
125522.0,125522.0,125522.0,0.0

125522.0,125524.0,125522.30434782608,0.6209954717842655
125522.0,125524.0,125522.73913043478,0.7922107098732576
125521.0,125525.0,125523.52173913043,0.9264032391058341
125523.0,125525.0,125524.17391304347,0.4802344766756034

125524.0,125525.0,125524.56521739131,0.495726441901373
125524.0,125525.0,125524.82608695653,0.37903207479143913
125524.0,125525.0,125524.95652173914,0.20392626667796118
125525.0,125525.0,125525.0,0.0

125524.0,125526.0,125525.0,0.2948830686389469
125525.0,125526.0,125525.13043478261,0.3367795814033198
125525.0,125526.0,125525.43478260869,0.4957302894694462
125525.0,125526.0,125525.78260869565,0.4124725332652372

125526.0,125526.0,125526.0,0.0
125525.0,125526.0,125525.95652173914,0.20392626667796118
125523.0,125526.0,125525.73913043478,0.845313989211373
125525.0,125526.0,125525.91304347826,0.2817717058000202

125526.0,125526.0,125526.0,0.0
125526.0,125526.0,125526.0,0.0
125526.0,125526.0,125526.0,0.0
125526.0,125526.0,125526.0,0.0

125526.0,125527.0,125526.30434782608,0.460131959646454
125526.0,125527.0,125526.73913043478,0.4391101091847935
125527.0,125527.0,125527.0,0.0
125527.0,125527.0,125527.0,0.0

125527.0,125527.0,125527.0,0.0
125526.0,125527.0,125526.95652173914,0.20392626667796118
125527.0,125527.0,125527.0,0.0
125527.0,125527.0,125527.0,0.0

125527.0,125527.0,125527.0,0.0
125527.0,125527.0,125527.0,0.0
125527.0,125527.0,125527.0,0.0
125525.0,125527.0,125526.91304347826,0.407864224599324

125525.0,125527.0,125526.73913043478,0.6735634104126201
125527.0,125527.0,125527.0,0.0
125526.0,125527.0,125526.95652173914,0.20392626667796118
-1.0,125527.0,120069.26086956522,25599.06563039635

125527.0,125527.0,125527.0,0.0
125527.0,125527.0,125527.0,0.0
125526.0,125527.0,125526.91304347826,0.28177509034349707
125527.0,125527.0,125527.0,0.0

125527.0,125527.0,125527.0,0.0
-1.0,125527.0,120069.26086956522,25599.06563039635
125527.0,125527.0,125527.0,0.0
125527.0,125527.0,125527.0,0.0

125527.0,125527.0,125527.0,0.0
125527.0,125527.0,125527.0,0.0
125527.0,125527.0,125527.0,0.0
125527.0,125527.0,125527.0,0.0

-1.0,125527.0,120069.17391304347,25599.047094446098
125527.0,125527.0,125527.0,0.0
125526.0,125527.0,125526.95652173914,0.20392626667796118
125527.0,125527.0,125527.0,0.0

125527.0,125527.0,125527.0,0.0
125523.0,125527.0,125526.65217391304,1.1270859770588122
125527.0,125527.0,125527.0,0.0
125527.0,125527.0,125527.0,0.0
