-1.0,125505.0,114589.78260869565,35363.48330147373
125502.0,125505.0,125504.26086956522,0.845313989211373
125504.0,125505.0,125504.95652173914,0.20393094318872687
125505.0,125505.0,125505.0,0.0

125505.0,125505.0,125505.0,0.0
125505.0,125505.0,125505.0,0.0
125505.0,125505.0,125505.0,0.0
125505.0,125505.0,125505.0,0.0

125505.0,125505.0,125505.0,0.0
125505.0,125505.0,125505.0,0.0
125505.0,125505.0,125505.0,0.0
125505.0,125505.0,125505.0,0.0

125505.0,125508.0,125505.78260869565,1.3173274317723744
125505.0,125508.0,125506.78260869565,1.4128763693295199
125508.0,125508.0,125508.0,0.0
125507.0,125508.0,125507.91304347826,0.28177509034349707

125508.0,125508.0,125508.0,0.0
125508.0,125508.0,125508.0,0.0
125508.0,125508.0,125508.0,0.0
125508.0,125508.0,125508.0,0.0

125508.0,125510.0,125508.43478260869,0.8249427544355445
125508.0,125510.0,125508.95652173914,0.95454276278558
125508.0,125510.0,125509.69565217392,0.6874514475931021
125510.0,125510.0,125510.0,0.0

125509.0,125511.0,125510.21739130435,0.5070381716592265
125510.0,125511.0,125510.60869565218,0.4880409564982498
125510.0,125511.0,125510.95652173914,0.20392626667796118
125510.0,125511.0,125510.86956521739,0.3367795814033198

125511.0,125512.0,125511.21739130435,0.4124702211670673
125511.0,125512.0,125511.56521739131,0.495726441901373
125512.0,125512.0,125512.0,0.0
125512.0,125512.0,125512.0,0.0

125512.0,125512.0,125512.0,0.0
125512.0,125512.0,125512.0,0.0
-1.0,125512.0,120054.91304347826,25596.006663596476
125512.0,125512.0,125512.0,0.0

125512.0,125512.0,125512.0,0.0
125512.0,125512.0,125512.0,0.0
125512.0,125512.0,125512.0,0.0
125512.0,125512.0,125512.0,0.0

125511.0,125512.0,125511.95652173914,0.20393094318872687
125512.0,125512.0,125512.0,0.0
125512.0,125512.0,125512.0,0.0
125512.0,125512.0,125512.0,0.0

125512.0,125512.0,125512.0,0.0
125512.0,125512.0,125512.0,0.0
125512.0,125512.0,125512.0,0.0
125512.0,125512.0,125512.0,0.0

125512.0,125512.0,125512.0,0.0
125512.0,125512.0,125512.0,0.0
125512.0,125512.0,125512.0,0.0
125512.0,125512.0,125512.0,0.0

125512.0,125512.0,125512.0,0.0
125512.0,125512.0,125512.0,0.0
125512.0,125512.0,125512.0,0.0
125510.0,125512.0,125511.91304347826,0.407864224599324

125511.0,125512.0,125511.91304347826,0.28177509034349707
125512.0,125512.0,125512.0,0.0
125512.0,125512.0,125512.0,0.0
125512.0,125512.0,125512.0,0.0

125512.0,125512.0,125512.0,0.0
125512.0,125512.0,125512.0,0.0
125512.0,125512.0,125512.0,0.0
125512.0,125513.0,125512.04347826086,0.20393094318872687

125512.0,125513.0,125512.13043478261,0.3367795814033198
125512.0,125513.0,125512.52173913043,0.49952866272887214
125512.0,125513.0,125512.95652173914,0.20393094318872687
125513.0,125513.0,125513.0,0.0

125513.0,125513.0,125513.0,0.0
125512.0,125514.0,125513.0,0.2948830686389469
125512.0,125514.0,125513.08695652174,0.40786188637745374
125513.0,125515.0,125513.17391304347,0.4802344766756034

125513.0,125515.0,125513.43478260869,0.711770041802285
125513.0,125515.0,125514.26086956522,0.7922119136863087
125514.0,125515.0,125514.78260869565,0.4124702211670673
125514.0,125516.0,125515.0,0.41702992181434245

125515.0,125516.0,125515.34782608696,0.47627825155090864
-1.0,125516.0,120058.43478260869,25596.75750495536
125516.0,125516.0,125516.0,0.0
125515.0,125516.0,125515.95652173914,0.20393094318872687

125516.0,125516.0,125516.0,0.0
125516.0,125516.0,125516.0,0.0
125516.0,125516.0,125516.0,0.0
125516.0,125516.0,125516.0,0.0

125516.0,125516.0,125516.0,0.0
125516.0,125516.0,125516.0,0.0
125516.0,125516.0,125516.0,0.0
125516.0,125516.0,125516.0,0.0

125516.0,125517.0,125516.39130434782,0.48804291058098503
125516.0,125517.0,125516.60869565218,0.4880409564982498
125515.0,125517.0,125516.82608695653,0.48023249082007957
125516.0,125517.0,125516.82608695653,0.37903207479143913

125516.0,125517.0,125516.95652173914,0.20393094318872687
125517.0,125517.0,125517.0,0.0
125517.0,125517.0,125517.0,0.0
125517.0,125517.0,125517.0,0.0

125517.0,125517.0,125517.0,0.0
125517.0,125517.0,125517.0,0.0
125517.0,125517.0,125517.0,0.0
125516.0,125517.0,125516.95652173914,0.20393094318872687

125517.0,125517.0,125517.0,0.0
125517.0,125517.0,125517.0,0.0
125517.0,125517.0,125517.0,0.0
125516.0,125517.0,125516.91304347826,0.2817717058000202

125517.0,125517.0,125517.0,0.0
125517.0,125517.0,125517.0,0.0
125517.0,125517.0,125517.0,0.0
125517.0,125517.0,125517.0,0.0

125517.0,125517.0,125517.0,0.0
125517.0,125517.0,125517.0,0.0
125515.0,125517.0,125516.86956521739,0.4476364797117746
125517.0,125517.0,125517.0,0.0

125517.0,125518.0,125517.43478260869,0.4957302894694462
125517.0,125518.0,125517.82608695653,0.37903207479143913
125518.0,125518.0,125518.0,0.0
125518.0,125518.0,125518.0,0.0

125518.0,125518.0,125518.0,0.0
125518.0,125518.0,125518.0,0.0
125517.0,125518.0,125517.86956521739,0.3367824131376639
125518.0,125518.0,125518.0,0.0
